id_estudiante,nombre,email
1,Angelina Olimpia Murillo Castelló,manuellourdes@example.net
2,Rosalva de Jódar,gabrielbarco@example.com
3,Alfonso Cabrero Carrillo,baromartin@example.com
4,Olegario Feijoo Amorós,cpaniagua@example.net
5,María Pilar Escudero Zorrilla,frutostimoteo@example.net
6,Jose Ramón Salcedo Barroso,wllano@example.net
7,Raúl Suarez Ibañez,osabater@example.org
8,Pancho del Calvet,pilarbello@example.com
9,Yaiza Antón Collado,cacerestania@example.net
10,Espiridión Naranjo-Bartolomé,ecabezas@example.org
11,Quique Bertrán Arnaiz,koller@example.org
12,Ovidio Asensio Benito,pablo22@example.net
13,Amada Vilalta Huerta,varelaaurora@example.com
14,Genoveva Anglada Armengol,mcalderon@example.com
15,Genoveva Rebeca Salvador Sanchez,emigdiodonoso@example.com
16,María Fernanda Prieto Tamayo,ana49@example.org
17,Pili Gibert,falonso@example.net
18,Tecla del Chaparro,zabalarenata@example.com
19,Dani Vizcaíno Segovia,mjulian@example.net
20,Bruno Valls Barrio,qhurtado@example.net
21,Ariel Guardia Menéndez,escuderoeugenia@example.net
22,Héctor Parejo Vilar,acedohortensia@example.org
23,Jacinto Chaparro-Zabaleta,barbacelestina@example.com
24,Artemio Prada Roldan,esebastian@example.net
25,Cosme Julio César Prats Morera,fabregasfabiana@example.net
26,Tatiana Beltrán Salom,wsoto@example.org
27,Ágata Torrens,moises62@example.org
28,Isidoro Vila Gallo,leticia08@example.org
29,Agustina Agustí Codina,ucerda@example.org
30,Remedios Ochoa,camor@example.net
31,Teófila de Santamaria,nverdejo@example.org
32,Adalberto del Juan,moreno66@example.net
33,Nacho Albero Vallés,antonia11@example.org
34,Constanza Guitart,clerma@example.net
35,Nazario Chico,diezmarcelo@example.com
36,Fabiola Bautista Luís,pascualtrillo@example.com
37,Bruno Che Portillo Guzmán,juan-pablo59@example.net
38,Apolinar Aliaga Morante,carrenosilvestre@example.com
39,Etelvina Asensio Leiva,abraham18@example.net
40,Andrea de Andrade,adeliaferrandez@example.com
41,Soraya Poza Ruano,tomasa58@example.net
42,Jennifer Canales Sureda,lcuellar@example.com
43,Fidela Borrás,sosimo27@example.com
44,Olimpia Olmedo-Mascaró,marcoefrain@example.net
45,Josefa Raya-Bartolomé,vzamora@example.org
46,Ana Benavent Aguirre,julio18@example.org
47,Gerardo Nebot Seco,luciano20@example.net
48,Elba Amorós Duarte,lunamendoza@example.net
49,Angelina Azcona Aragonés,luis66@example.net
50,Evaristo Planas Haro,qgelabert@example.com
51,Irma Navarrete Rocamora,serafina33@example.net
52,Godofredo Miró-Donaire,jagusti@example.org
53,Juan Pablo Llamas Sans,pagessegismundo@example.net
54,Fidela del Iñiguez,rafa01@example.org
55,Rosario Tomé-Rueda,eufemiasuarez@example.org
56,Roberto Amat Nicolás,silvestre51@example.org
57,Eutropio Samper Coronado,faustogras@example.org
58,Germán Acosta Rosell,sgonzalez@example.org
59,Octavio Pedrosa Flor,calisto77@example.net
60,Nicolasa Alarcón Paredes,tito71@example.org
61,Virginia Martín Abellán,acabanas@example.net
62,Loida del Ferrán,canetbartolome@example.com
63,Ignacio Bastida Carrión,marribas@example.com
64,Reyes Marco,alfredo02@example.com
65,Ismael de Torrent,machadozoraida@example.com
66,Carmelita Valera Sanabria,morenaluna@example.org
67,Goyo Villalobos-Monreal,vguardiola@example.org
68,Rosalva Mulet Valbuena,dsandoval@example.com
69,Rubén Tovar Escudero,arnalbenigna@example.net
70,Jaime de Piñol,zaragozacristobal@example.org
71,Eusebio Ángel,leticia45@example.org
72,Crescencia Baquero,edelmirabarba@example.net
73,Albert Reyes Amo Acedo,amorzamora@example.com
74,Amado Fulgencio Pozo Reguera,loreto71@example.net
75,Jorge Amaya Segura,octaviaprada@example.com
76,Marino Rufino Córdoba Ojeda,priscila73@example.com
77,Fernando Lasa Múgica,bvillalobos@example.org
78,Nando Garrido Roselló,sigfridoguijarro@example.org
79,Manu Albert Vergara Cañete,maricruz52@example.org
80,Quirino Vázquez Gomez,kcerezo@example.net
81,Feliciana Andrade Macías,talfaro@example.net
82,Timoteo Baena Cerdá,xcal@example.net
83,Severo de Montoya,dani44@example.org
84,Estela Murcia-Iñiguez,celestinovalle@example.com
85,Jose Carlos del Jordá,corona08@example.org
86,Nuria Calatayud Cases,octavia77@example.net
87,Aníbal Castejón-Acero,aguadoanselma@example.net
88,Felipe Mosquera Jaume,marquezmiriam@example.org
89,Pía Sobrino,jesusabolanos@example.net
90,Perlita Vázquez Caro,loida24@example.net
91,Cristian Acevedo Fábregas,castellsramona@example.com
92,Azahara Gutiérrez,freina@example.com
93,Camila Angulo Villanueva,alvaroreig@example.com
94,Duilio Saturnino Puig Quevedo,ginerdorita@example.com
95,Victorino Hidalgo,cruzvictor-manuel@example.com
96,Berto Adán Batlle,kmiranda@example.org
97,Andrés Conde-Arce,seve13@example.net
98,Cándida Galindo-Núñez,rconde@example.net
99,Vito Daniel Gordillo Ortiz,odalis16@example.com
100,Fabiola Carla Ortiz Iriarte,gregorio54@example.com
101,Espiridión Rovira-Checa,lucianajauregui@example.org
102,Onofre Arcos Quintanilla,sanchezalba@example.net
103,Severo Roca Valbuena,sarabiasantiago@example.org
104,Ángela Conde Guerra,bautistadelfina@example.org
105,Laura Román Marín,merchecuadrado@example.com
106,Corona de Millán,santosruy@example.net
107,Emelina Alfaro Andrade,rioiban@example.org
108,Mamen Barroso Peinado,evitaduque@example.net
109,Juanita Benavent Alcántara,kluque@example.net
110,Marcelo Palomares Carrión,guiomar82@example.com
111,Bruno Moliner Pedrosa,rzaragoza@example.net
112,Osvaldo Fabra-Osuna,mateumaura@example.com
113,Eli Castell Villegas,moyagaston@example.com
114,Guadalupe Llorens Montserrat,chema94@example.org
115,Román Galván-Prats,maria-fernandaabellan@example.com
116,Mario Rovira Becerra,candelas15@example.net
117,Rolando Castilla Romeu,madridingrid@example.com
118,Macaria Ángel Casado,qvendrell@example.net
119,Ruth Torrent-Mosquera,ztorrens@example.org
120,Benita Redondo Naranjo,venceslas63@example.com
121,Sara Sáez Zabaleta,ymarco@example.net
122,Espiridión Carrasco Ortuño,quiroscesar@example.net
123,Jose Miguel Cañas,xbernat@example.net
124,Juanito Cuéllar,kmarques@example.org
125,Gabriela Arjona Palacio,concepcion61@example.net
126,Juan Bautista Pol Tenorio,maria-cristinatalavera@example.net
127,Felicia Salamanca-Palacios,esoriano@example.com
128,Gilberto Julio César Herranz Ribas,nuria44@example.org
129,María Del Carmen Solé Martí,osantana@example.net
130,Fausto Pavón Quintero,casaresrufino@example.org
131,Ricardo Rosselló Madrid,estebantomas@example.net
132,Elena Victoria Hernandez Bilbao,tejerosarita@example.net
133,Fausto Jose Carlos Rios Perelló,xflores@example.com
134,Georgina Galindo Montero,blazquezsantiago@example.com
135,Yolanda Castell-Luque,pioalcantara@example.net
136,Leandra del Escamilla,riverojulia@example.com
137,Margarita Badía,svicens@example.com
138,Manola Ocaña Bilbao,ibaena@example.org
139,Olegario Jara Gascón,arcosguiomar@example.net
140,Ainoa de Simó,seve40@example.org
141,Ismael Tiburcio Luna Bustamante,cristobal68@example.org
142,Dalila Vera Cifuentes,eloisacorrea@example.com
143,Graciano Lladó,adrianamendez@example.com
144,Modesto Herberto Águila Escalona,edmundo89@example.net
145,Chucho del Pujol,lupita92@example.com
146,Bernarda Artigas Peiró,jacinto31@example.net
147,Ciríaco Dan Gárate Alcántara,auragonzalez@example.net
148,Cristian Enrique Ferreras Sacristán,armandovalls@example.com
149,Dani Fonseca Vila,tadeomanso@example.com
150,Etelvina Mulet-Morata,casadojose-mari@example.com
151,Silvestre Perea Rosales,leoncio50@example.net
152,Damián Chuy Arrieta Torre,pozuelociro@example.net
153,Xavier Ale Terrón Gárate,sol80@example.com
154,Isidro Cuéllar,oguerrero@example.org
155,Cristóbal Mir Orozco,vvallejo@example.net
156,Bartolomé Vaquero Arce,aureamontenegro@example.com
157,Ulises Marí Garzón,obastida@example.net
158,Emilia Tejera Rueda,lagodaniela@example.org
159,Benigno Pla,susanita92@example.org
160,Américo Navarro Márquez,adelialillo@example.org
161,Regina Puerta Dávila,clarranaga@example.com
162,Calisto Lara Saez,carloscarbonell@example.net
163,Demetrio Yáñez Santos,piedad01@example.org
164,Cleto Torrents-Sarabia,luchoruiz@example.net
165,Filomena Pinilla,ricardopastor@example.org
166,Leocadio Cazorla Oller,abellanmarisol@example.com
167,Cloe Orozco Bustos,celestinobermudez@example.org
168,Clarisa Mena-Escudero,dbilbao@example.com
169,Alfonso Orozco Bou,bautistarafael@example.com
170,Herberto Candelario Cañete Palacio,roldancollado@example.net
171,Leonardo Custodio Morera Blanes,rsales@example.com
172,Azahar Bautista Catalán,fontamaya@example.net
173,Jenaro de Oller,armida09@example.net
174,Alejandro Carvajal Arenas,acedomodesto@example.com
175,Felicidad Iniesta Gilabert,maciascamila@example.net
176,Marta Mariscal Saldaña,pascuala71@example.com
177,Rosalva Nadal-Tomás,peinadoandrea@example.com
178,Juan Francisco Ródenas Almazán,sebastianrevilla@example.com
179,Ana Jaén,daniarrieta@example.net
180,Lupita Casares Fortuny,scastaneda@example.org
181,Felipa Carnero Roma,nicolassimo@example.net
182,Ambrosio Canet Guardiola,humberto14@example.net
183,Aurelio de Padilla,brigidamarti@example.net
184,Ana del Bernat,obduliasantiago@example.com
185,Máximo Pazos Canales,fgalan@example.com
186,Paola de Seguí,hheras@example.com
187,Quirino Cisneros Leal,luchosastre@example.com
188,Griselda Roldán Bou,manuelbienvenida@example.com
189,Prudencia Bárcena Llopis,maciaspalmira@example.net
190,Maura de Casals,antoniabou@example.net
191,Tamara Piñol Ferrer,natividadbarreda@example.net
192,Casemiro Valera-Sacristán,sosimo79@example.com
193,Bárbara de Caballero,calixto40@example.org
194,Leandra de Peral,maxi76@example.net
195,Jennifer Quesada Prado,jordialegre@example.org
196,Feliciano Patiño Vidal,cmendoza@example.com
197,Ariel Acedo Castelló,tristan89@example.org
198,Sigfrido Gomez,djordan@example.com
199,Ibán Fernández Rivera,caridad35@example.com
200,Jose Llanos Rivero,parejocarmelita@example.org
201,Nacho de Bernat,pazevita@example.org
202,Nilo Ávila-Castellanos,rodrigo16@example.com
203,Felicidad Uría Soler,sainzrolando@example.com
204,Dan Salmerón Revilla,qgallo@example.net
205,Berta Baeza Camacho,joaquin10@example.net
206,Macarena León Abril,guzmanjoaquin@example.org
207,José Luis Bauzà Bernal,yvazquez@example.com
208,Reyes Román-Ortiz,scasanovas@example.org
209,Tomasa Donaire Valentín,tmartinez@example.com
210,Eva María Peña Morata,martinezmiguel@example.net
211,Amaya Águila Escribano,angelino23@example.org
212,Jimena Almeida-Gisbert,porteroeva-maria@example.org
213,Bernabé Recio Castelló,badialucia@example.com
214,Adriana Mendez Flores,julianamuro@example.com
215,Evangelina Canet-Perea,omar61@example.org
216,Amador Amat Mancebo,olmoamarilis@example.net
217,Primitivo Falcó,edmundo21@example.org
218,Marta Lina Cobos Solís,equesada@example.org
219,Maximino Sala Pintor,tamarapulido@example.com
220,Trinidad de Luque,amanda55@example.net
221,Amancio Viñas,aurelia41@example.org
222,Leandro Gabaldón Querol,coral97@example.org
223,Ramiro Nogués,nilda23@example.com
224,Maura Rosales Gomis,carlitocolom@example.net
225,África Segovia,xcueto@example.net
226,Salomé Lucía Gámez Romeu,doritarequena@example.com
227,Rufina Marqués Coca,lourdes92@example.org
228,Heraclio Glauco Ballester Berrocal,abascalnatividad@example.org
229,Nerea del Cantón,eroman@example.net
230,Toribio Verdejo Boada,alarconemigdio@example.net
231,Inmaculada Carrillo Alcolea,zcoronado@example.org
232,Bernabé Mulet Cazorla,chelo94@example.com
233,Mercedes del Cuevas,ibelda@example.org
234,Valentina Sanmartín,sortega@example.net
235,Mayte del Silva,adolfoponce@example.net
236,Régulo Barco Calatayud,gerardoborja@example.com
237,Donato Salvador Barranco,malenasalinas@example.org
238,Iker Dani Vara Robledo,estela67@example.org
239,Marcio Valenciano Abellán,losadaplinio@example.com
240,Mar del Criado,wnavarrete@example.com
241,Calista Becerra Quiroga,reyes30@example.com
242,Efraín de Tomé,echevarriaanselma@example.org
243,Albino Vazquez Robles,isidoro08@example.org
244,Aurelio Jaume Gallart,ngonzalez@example.com
245,Maite del Ibáñez,severofabregat@example.org
246,Chucho Malo Solé,posadacarmelo@example.com
247,Oriana Águila Nadal,ursula91@example.org
248,Montserrat Batlle Puerta,andres61@example.net
249,Hector Burgos Carbonell,ciro77@example.net
250,Natanael Tovar Alcaraz,silvestrecarreras@example.org
251,Perlita Viña Trujillo,aespejo@example.org
252,Espiridión Luz Bravo,cuetojaime@example.com
253,Jose Manuel Tirado Terrón,duenasyesica@example.org
254,Rocío Garcia Mulet,sandraangel@example.org
255,Toni Pallarès-Vázquez,currobenet@example.net
256,América Tomás Galindo,mmadrigal@example.org
257,Yéssica Vaquero Moraleda,kcasanova@example.org
258,Virginia Román-Gimeno,kagusti@example.org
259,Aarón Tello Acuña,marlago@example.net
260,Pelayo Murcia Martínez,rupertaferrera@example.net
261,Jacinta Camps,graciano20@example.org
262,Silvestre Fortuny Guijarro,mcriado@example.org
263,Apolinar Rozas-Porcel,benitamateos@example.net
264,Toni Guardiola Amat,palacioevaristo@example.org
265,Baldomero Enrique Barberá Abad,xsaavedra@example.net
266,Ale de Landa,ycamara@example.net
267,Magdalena del Hernández,charo87@example.org
268,Florentino Capdevila Grau,nicoros@example.com
269,Aarón Fajardo Verdú,cortesmaricela@example.net
270,Arturo Morcillo Belmonte,plazapio@example.org
271,María Del Carmen Cánovas Botella,nzamorano@example.com
272,Abraham Chaparro Velázquez,encarnacionortega@example.com
273,Maxi Luján Ballester,eustaquio27@example.org
274,Cándida de Elías,catalateresita@example.net
275,Jose Ignacio Graciano Acosta Torrents,benita01@example.com
276,Severiano Recio-Carbajo,kgomez@example.org
277,Olga Adelia Gallo Benavides,ngomis@example.net
278,Regina Almeida Gutiérrez,rita16@example.org
279,Ani Santos Benítez,ramosjosep@example.net
280,Cebrián Clemente,balemany@example.org
281,Ovidio del Infante,juanmoll@example.net
282,Gerónimo Pol Pintor,cardenasroldan@example.com
283,Manola Soria Salamanca,otoro@example.org
284,Yaiza Solera Pozo,dancastillo@example.net
285,Valero Esparza Lobato,duenasnatividad@example.org
286,Teodosio Bolaños Ricart,constanza89@example.net
287,Mateo Gil Barón,jgimenez@example.org
288,Bárbara Montesinos-Angulo,armaspaloma@example.com
289,Eusebio Sans Azorin,vilaramanda@example.net
290,Clemente Benito Villegas Prats,leocadio31@example.net
291,Alfonso Galindo-Jove,artemiofuertes@example.org
292,Ambrosio Sanjuan-Hernando,dlago@example.org
293,Raúl Barroso Moliner,aurelianosoriano@example.net
294,Ciro Llobet Guijarro,apalomar@example.org
295,Edu Ferrera-Agudo,vito74@example.net
296,María Pilar Águila Pareja,boschteofila@example.net
297,Adela Bueno-Alcolea,cabreroeligia@example.org
298,José Antonio Cortina-Machado,riconazaret@example.com
299,María Carmen Llopis Conde,raimundo68@example.org
300,Sabina Luciana Antón Carreño,zdominguez@example.com
301,Catalina Sacristán-Hernández,flavio79@example.net
302,Clara Estrada,primitivo92@example.net
303,César del Frías,crespiadan@example.net
304,Jaime Manso,juliovargas@example.com
305,Lupita Iglesias Acuña,gargallofermin@example.org
306,Luís Fabio Calderon Tapia,estradatono@example.net
307,Onofre Ribes-Solana,dmancebo@example.com
308,Pastor Acosta Martí,eliana24@example.org
309,Rosalina Torrents Sanjuan,benitocabo@example.net
310,Nazario Eusebio Izaguirre Campillo,ulamas@example.net
311,Evita Irma Paniagua Sanmartín,delialosa@example.net
312,Anabel Valls Olmedo,yolivares@example.com
313,Adolfo Serrano Amaya,pintordomingo@example.net
314,Blanca Luján Peñalver,dianaduarte@example.net
315,Salud Galvez Urrutia,bterron@example.org
316,Juanita Gargallo,castrohugo@example.com
317,Jimena Salamanca,kmarco@example.com
318,Valero Tejedor Arranz,santamariaelodia@example.com
319,Otilia Calatayud,lreguera@example.com
320,Alexandra Girón Tomé,eligiazurita@example.com
321,Almudena Castañeda Amador,estebancuervo@example.org
322,Isaías Abad Luz,amalialasa@example.com
323,Xiomara Laguna Amaya,fidela39@example.net
324,Álvaro Palma Coronado,barbarachaparro@example.org
325,Emilia Palacios Flores,pratsanibal@example.com
326,María Pilar Román Castillo,vabella@example.com
327,Constanza Rocha Fuertes,aleacero@example.com
328,América Baños-Roma,novoasusana@example.org
329,Ignacio Corbacho-Roselló,franciscoseverino@example.net
330,María Ángeles Oliva,rufinagarzon@example.com
331,Nicanor Aznar Gisbert,natanael08@example.org
332,Noa de Porta,bastidablas@example.com
333,Amada Carro Aznar,abernad@example.com
334,Reina Reguera Múgica,espejolazaro@example.org
335,Quirino del Galán,herminiaaragon@example.com
336,Carmen Lupita Galiano Alcázar,adelaida83@example.org
337,Maite Jover Barros,bravoflorina@example.org
338,Flor de Adán,albinolledo@example.org
339,Estefanía Sierra Solano,fquevedo@example.com
340,Silvestre Blázquez,ktoro@example.com
341,Alfredo Novoa-Morillo,bertapolo@example.org
342,Severo Bustos,pinaestefania@example.net
343,Gertrudis Rico,gonimarcial@example.com
344,Lucio Palomino,georgina44@example.com
345,Hernán Prats Valencia,monteroclementina@example.org
346,Lope Azorin Piñeiro,gimenoursula@example.com
347,Cosme Cabeza Pou,viviana39@example.net
348,María Luisa Soria Corral,loreto13@example.com
349,María Del Carmen Roldán Baquero,flavio84@example.net
350,Benita Manzanares Yáñez,judith09@example.com
351,Andrés Sainz Anguita,carmelofiguerola@example.net
352,Godofredo del Blanes,xgonzalez@example.com
353,Jesusa Coello Rocamora,pcalderon@example.org
354,Corona del Vera,pacasoriano@example.net
355,Natanael Ferrán Uriarte,hugo48@example.net
356,Paola Reguera-Larrañaga,orozcoromulo@example.org
357,Mateo Farré Palomino,icanet@example.com
358,Graciela Ana Marti Francisco,jquero@example.org
359,Isidoro de Domingo,efeliu@example.net
360,Jenny del Pavón,anselmo17@example.org
361,Lara Atienza-Aliaga,joansobrino@example.net
362,Jovita Oliver,xcatalan@example.org
363,Georgina Carnero Díez,pbarroso@example.net
364,Julieta Collado Porras,deliamarquez@example.org
365,Leandro Sebastián Quintero Arias,quintanarogelio@example.org
366,Carmen Bermejo Paz,gregoriolorenzo@example.com
367,Ibán de Duque,uribemanola@example.org
368,Agustina Sánchez-López,lourdesugarte@example.net
369,María Carmen de Acedo,quiroscirino@example.net
370,Dimas Uribe López,ybaron@example.org
371,Olalla Quintanilla Ariza,felixvalcarcel@example.net
372,Maite Mármol-Cortina,bpavon@example.net
373,Tito Zabaleta Castañeda,alma06@example.com
374,Angélica Alvarado Amador,aitor06@example.org
375,Claudio Juliá Mesa,cayetanomartin@example.com
376,Rafa del Martín,olgamacias@example.net
377,Zaida Heras Fuertes,eligiavillegas@example.org
378,Jose Ramón Tudela,baltasar14@example.net
379,Victoria Vicens Múñiz,bartolomenestor@example.com
380,Trinidad Riba Villanueva,ialberola@example.net
381,Carolina Sáez Pozo,asuncionleon@example.net
382,Narcisa Bustamante,msalcedo@example.com
383,Jafet Haro Ros,odalys03@example.net
384,Felipa Gallego,varelagerman@example.org
385,José Mari Trujillo Carrasco,pascualabeltran@example.org
386,Tamara Fortuny Miguel,rocio73@example.org
387,Buenaventura Cervantes Viñas,salvarez@example.org
388,Graciano Arnau-Niño,ftrujillo@example.com
389,Gabino Ortuño,hbarba@example.org
390,Juan Luis Simó Mur,victoriano23@example.net
391,Carmen Catalá Segarra,mendezjuana@example.org
392,Fernando Jerónimo Arnaiz Peña,fsandoval@example.org
393,Juan Bautista Roca Tejedor,ambrosio73@example.net
394,Elpidio Gibert Cornejo,xmayoral@example.net
395,Leopoldo Viña Lloret,dalilajerez@example.com
396,Efraín Hidalgo Marco,marineva@example.net
397,Joaquín Valderrama Arenas,lpineiro@example.com
398,Abraham Cañas Mata,hmascaro@example.com
399,Abraham Cantero Reguera,leirepalacios@example.net
400,Paloma Paniagua Exposito,leon43@example.org
401,Emelina del Ramis,jose-angel51@example.net
402,Humberto Pineda Serrano,ibastida@example.com
403,Leocadia Alejandra Roselló Canet,waltersalas@example.net
404,Custodia Sánchez,candelaria66@example.org
405,Francisco de Ribes,dulceaguilo@example.org
406,Alberto Estévez Collado,ksoto@example.org
407,Xiomara Mercedes Exposito Abellán,erius@example.net
408,Daniel Calzada-Zamorano,ciroramirez@example.net
409,Haydée Antonia Toledo Lobo,maxi09@example.net
410,Jose Manuel Ortiz Jara,rosariocerda@example.net
411,Heraclio Folch Domingo,rarce@example.com
412,Germán Cuéllar Esparza,gasconquirino@example.com
413,Maricruz del Carpio,joelcases@example.org
414,Felicidad Cid Cadenas,dzabaleta@example.org
415,Alcides del Adán,javieracollado@example.net
416,Luz Bonet Sales,molinsolga@example.com
417,Joaquina Ponce Uriarte,julieta07@example.com
418,Ofelia Vila,graciela22@example.com
419,Óscar Castañeda Mariño,escribanoadolfo@example.org
420,Narcisa Asensio Mena,bvillalba@example.org
421,Pastor Buendía Rosa,vsoto@example.com
422,Adalberto Ródenas Fernandez,jgalvan@example.org
423,Encarnita Maxi Fábregas Piquer,bernardogarmendia@example.net
424,Xiomara del Llobet,fioladela@example.com
425,Ariel Almagro Dávila,marcos73@example.org
426,Gregorio Navas Nadal,tejedorefrain@example.com
427,Nicolasa Jove España,torrentdionisia@example.org
428,Merche Regina Valdés Giménez,alvarezgerman@example.org
429,Nazaret Velázquez Cuéllar,cerdatomasa@example.org
430,Julia Feijoo-Anaya,bgalan@example.net
431,Gregorio Prats Capdevila,eliascosta@example.org
432,Encarna Román Pavón,qbustos@example.com
433,Lorenza Morcillo Aller,angelina71@example.org
434,Hipólito Alegre Pera,toledoarcelia@example.net
435,Luisina Barco Andrés,ema07@example.com
436,Tristán Urrutia Valcárcel,fernandozaragoza@example.org
437,Cipriano Teruel Guzmán,qvalera@example.net
438,Chuy Palomares Donaire,iker88@example.com
439,Anunciación Cabello-Segovia,fusteranacleto@example.org
440,Florinda Mercader-Sola,ximenaalonso@example.org
441,Espiridión Cazorla Prats,serranorufina@example.com
442,Pascuala Tamayo Vidal,duquesosimo@example.net
443,Florencia Otilia Noguera Gutiérrez,baudelioibarra@example.net
444,Andrés Felipe Sancho Millán Ferrando,jsevillano@example.net
445,Belen Monreal-Sarmiento,svazquez@example.com
446,Juan Francisco Salcedo Gonzalez,chicocelestina@example.net
447,Anita Cañas Salvà,eloisamateu@example.net
448,Esteban Estévez Bernat,elifeijoo@example.org
449,Emilia Bernat Lucas,moraledamaite@example.org
450,Dorotea Alcolea Lloret,bcarrera@example.org
451,Olimpia Ruperta Blanco Escudero,ciriacopineiro@example.com
452,Odalis Dorotea Navarrete Conesa,alejomendizabal@example.com
453,Remedios López-Nogués,anibalpuerta@example.org
454,Juan Francisco Burgos-Giner,qsolana@example.com
455,Ariadna Vilar,canalsvenceslas@example.net
456,Josefa Molina Bautista,rodolfoibanez@example.net
457,Jeremías Montserrat,chus13@example.org
458,Mateo Calleja Bustamante,canasazahar@example.com
459,Emiliana Alba-Madrid,hidalgoteodora@example.net
460,Tecla Quirós,anastasia07@example.net
461,Ale Castillo Andreu,loida85@example.net
462,Armando Carnero Nicolás,sansgema@example.com
463,Custodio Solera Pintor,zosorio@example.net
464,Marino Santamaría Ariño,jordanmarc@example.com
465,Dalila Marianela Losada Iriarte,elianaesteve@example.org
466,María Teresa Gimenez Canals,afolch@example.org
467,Susanita de Rosselló,romanatilio@example.com
468,Fortunato Tur-Iriarte,olivaleocadia@example.com
469,Araceli Lara,gnicolas@example.org
470,Adrián Pozo,qviana@example.net
471,Bernardino Régulo Calderon Mariscal,vrios@example.org
472,Esmeralda Bellido Lastra,mmariscal@example.com
473,Alicia Mayo,lara75@example.org
474,Ana Crespi Castro,pelayohidalgo@example.com
475,Herberto Orozco Castell,scadenas@example.net
476,Carolina de Calvet,leyre26@example.net
477,Eric Pascual Sevillano,abelpadilla@example.net
478,Rico Palmer Gibert,santiagoaparicio@example.com
479,Venceslás Pera Chaves,elisa65@example.org
480,Martina Bravo-Acuña,comaspaula@example.org
481,Fausto Franch,josep62@example.org
482,Rita Sotelo Rivera,sevillanoelba@example.com
483,Ascensión Valencia Pombo,vallejoaquina@example.com
484,Reynaldo Higueras Meléndez,atiliobejarano@example.net
485,Casemiro Cuenca Martí,htorrens@example.org
486,Jessica Marí Adadia,romulo32@example.com
487,Íngrid del Morell,martinezrosendo@example.net
488,Ignacia Sobrino Rey,veronica16@example.com
489,Luz Segarra Escribano,salomvalentina@example.org
490,María Dolores del Aguiló,amanciomarques@example.org
491,Martirio Simó,emapinto@example.org
492,Eutimio de Oliver,jose-miguelbenitez@example.org
493,Socorro del Piquer,concha94@example.net
494,Angelino Montes Alberola,jsierra@example.org
495,Víctor Leal Castelló,gelabertrafael@example.com
496,Timoteo Priego Arribas,rosendaporcel@example.org
497,Gabriela Carrera-Torralba,efrain14@example.com
498,Juana Cuadrado,gcamacho@example.net
499,Nilda Gilabert Ros,teclamonreal@example.net
500,Felicidad Cases Sevillano,palomoamaro@example.org
501,Ignacio Bilbao Rosa,carromamen@example.com
502,Micaela Patricia Luna Camacho,wpulido@example.com
503,Blanca Garcés Álvaro,igomis@example.com
504,Montserrat Caro Millán,hilda82@example.net
505,Luisa Parejo Barceló,xiomara56@example.org
506,Conrado Lerma Torrents,ochoaamor@example.net
507,Luciano del Bravo,danipou@example.net
508,Rosalina Marianela Cerro Benavente,vporta@example.net
509,Gala Noelia Ferrándiz Jerez,benitezjuan-pablo@example.com
510,Estela Castrillo-Saavedra,amormaldonado@example.net
511,Rita de Uría,porteroporfirio@example.com
512,Marcial Azorin,vilaplanapili@example.org
513,Isabel Bejarano Pardo,barongriselda@example.net
514,Dorita del Cabrero,amado40@example.net
515,Gonzalo Heredia Iglesia,echevarriaarsenio@example.com
516,Encarnación Villalonga Barrera,graciano58@example.net
517,Fabiana Ureña Valero,maguilo@example.net
518,Primitivo Gallart Calleja,rierajosue@example.com
519,Néstor Asensio Carrillo,pazosrolando@example.net
520,Hilario Carreras Carrión,fbaena@example.com
521,Noelia Pizarro,villaloboshoracio@example.org
522,Paca Castilla Terrón,ugodoy@example.net
523,Casandra del Nebot,tamarasanabria@example.net
524,Santos Roca-Marcos,casemirovillanueva@example.org
525,Desiderio Morales,efrainlluch@example.net
526,Albina Bou Hurtado,ascension66@example.org
527,Tatiana Bonilla Jerez,clarisa85@example.net
528,Jessica Gonzalez Pedrosa,sandalio99@example.com
529,Sol Hoyos Barreda,ana-belensalgado@example.com
530,Pascuala Viña Bautista,flor95@example.com
531,Sebastian Falcón Acevedo,domingaredondo@example.net
532,Isaías Donaire Cantón,quirinolarranaga@example.com
533,Pío Estévez Valle,nadia19@example.com
534,Tristán Prada Castells,mbustamante@example.org
535,Tristán Pareja Arjona,salesnorberto@example.net
536,Reina del Heras,hlucas@example.net
537,Samuel Trinidad Olivera Llorens,tgalvan@example.org
538,Catalina Coronado Carro,yago20@example.com
539,María Jesús Vives Murcia,ingridroca@example.org
540,Bartolomé Río Hoyos,inesbosch@example.net
541,Ligia Verdugo Sebastián,sansnoe@example.com
542,Ileana Gárate Caballero,cifuentesangelino@example.com
543,Lara Olivares Ocaña,cazorlarufino@example.org
544,Jessica Castro Llamas,cecilia80@example.org
545,Javiera Hervia Sotelo,colllucia@example.com
546,Dominga Nayara Saez Pou,vcabeza@example.com
547,Noa Luque,rossellojuan-pablo@example.com
548,Fausto Ropero Andres,bibianabarba@example.com
549,Encarnita Roldán Andreu,linopintor@example.com
550,Saturnino Campo Poza,escolanonicolasa@example.com
551,Omar del Montoya,eligio24@example.org
552,Delia Toro España,pinedoxavier@example.org
553,Gil Maza Salvà,calegria@example.net
554,Pepito Soler Salmerón,celsosantana@example.com
555,Haydée Carbó-Albero,lcabezas@example.net
556,Inés Cifuentes Diaz,tlopez@example.com
557,Tiburcio Iglesias Cantero,mpalma@example.org
558,Pablo Manjón Pagès,poncehector@example.com
559,Socorro Casas Casals,bgimeno@example.com
560,Pili Ripoll,ambar01@example.com
561,Pilar Toledo Pardo,pardobelen@example.org
562,Román Alvarado-Colom,flormaite@example.com
563,Margarita Rincón González,dreina@example.org
564,Mercedes Vélez Roig,qfigueroa@example.com
565,Nicolasa Cervera-Lledó,fsolano@example.org
566,Ariadna Pascuala Chico Reina,acevedociro@example.net
567,Gala Gascón Catalá,landamiguel@example.org
568,Sol Gutierrez Hervia,ismael11@example.org
569,Maxi Calderón Mayo,cesar45@example.org
570,Marciano Orozco Miguel,laurarecio@example.org
571,Lorenzo Frutos Aznar,mzapata@example.com
572,Dafne Seco Gordillo,gallegomerche@example.org
573,Ernesto Sevilla Olivares,itormo@example.org
574,Elodia Cabo-Ibañez,santamariaxavier@example.org
575,Tadeo Arteaga Hernández,jordana49@example.net
576,Paulina Moliner Cuevas,lolaluis@example.org
577,Ani de Cuevas,ibenet@example.com
578,Rogelio Palau Mateos,bfranch@example.net
579,Eric Codina Villena,jimenamoreno@example.org
580,Etelvina del Baquero,monrealprimitiva@example.org
581,Tamara Sevilla Téllez,camilopuerta@example.net
582,Reyna Cabañas,titopujadas@example.org
583,Anselmo Galván-Pellicer,nicogisbert@example.net
584,Maristela del Martí,benetmarcelo@example.net
585,Salvador Echevarría Solsona,jaimepadilla@example.net
586,María Belén Mas Polo,sansmilagros@example.net
587,Gabino Vazquez Vázquez,mpeiro@example.net
588,Irma Vilaplana,cneira@example.net
589,Teresita Gabaldón Barros,xjove@example.com
590,Paulina Sainz Gras,cristiancid@example.org
591,Baldomero Romeu Medina,balduino91@example.net
592,Maricruz de Caballero,gregorio00@example.com
593,Calisto Daza Dávila,cguzman@example.org
594,Verónica Artigas Rubio,fsaez@example.org
595,Armando Villar,wvalcarcel@example.org
596,Jordana Suarez Téllez,xtejada@example.com
597,Daniel del Vázquez,guadalupe50@example.net
598,Esteban Alcalde Torrijos,edgarcarbajo@example.com
599,Nando Saturnino Llorente Roselló,uarjona@example.com
600,Belen Oliver Quesada,canalesevelia@example.net
601,Dorotea Chaparro Castelló,cleto71@example.com
602,Lalo Cases Aguilera,dianarey@example.org
603,Fidel del Serna,requenamaria@example.com
604,Lucía Sarabia Marti,dbadia@example.org
605,Sarita Téllez Lopez,bernabesantana@example.com
606,Violeta Escribano Salgado,roquejurado@example.com
607,Crescencia Manso Rios,edgar98@example.net
608,Martina Viñas-Rebollo,rodenasjesusa@example.org
609,Mateo Arcos-Garmendia,lorozco@example.com
610,Ale Arroyo Tamarit,portanarciso@example.com
611,Félix de Priego,ramonareal@example.com
612,Purificación Benigna Crespo Coello,adandelia@example.com
613,Xavier Fajardo-Peral,jcastillo@example.org
614,Ciriaco Escudero Camps,mcarbo@example.org
615,Abilio Marín-Casal,jtalavera@example.net
616,Azahara Osorio-Ávila,galaarribas@example.com
617,Edelmiro Arteaga,jespejo@example.com
618,Griselda León-Bayo,dalberola@example.org
619,Antonio Asenjo Salom,iban91@example.com
620,Bernardo Albero,chusmascaro@example.com
621,Tecla de Camacho,maite36@example.net
622,Elpidio Ruben Belmonte Salinas,llabresingrid@example.org
623,Plinio Cal,angelica38@example.com
624,Jordana Peral Casals,mlago@example.net
625,Baldomero Valenzuela Valbuena,ycuellar@example.org
626,Fausto Torre Herranz,yaparicio@example.org
627,Guadalupe Acero Fiol,domingo82@example.org
628,Leonor Gil Cerro,gpatino@example.net
629,Ruben Llamas-Tejera,rosario19@example.net
630,Ema Yéssica Rosado Muro,odalis11@example.com
631,Eric Company Camino,ballesterosasdrubal@example.org
632,María Del Carmen Olivera Escrivá,riniesta@example.net
633,Mateo Crespo Téllez,adelaserrano@example.com
634,Juan Carlos Bello,maria-carmen25@example.net
635,Jose Carlos Doménech Tomé,pmayol@example.com
636,Gloria Carretero,tiburcio80@example.org
637,Demetrio Comas Cal,igomis@example.net
638,María Carmen Olivera-Pagès,bruno06@example.org
639,Isa Ferrero Mulet,rsanz@example.net
640,Olga Morata-Lobato,nico78@example.org
641,Ana Belén del Royo,sevillajenny@example.net
642,Bernardo Querol Baquero,sastreesmeralda@example.net
643,Mercedes Guerrero Oliveras,cgimenez@example.net
644,Jesusa Valbuena Miranda,rosaurarueda@example.net
645,Crescencia Alegre Velasco,titolosa@example.com
646,Ester Pallarès Cantero,candelas70@example.org
647,Priscila Cazorla Nicolau,drocamora@example.com
648,Joel Navarro-Mendoza,edgardoalberola@example.com
649,Marino Uría,encarnacionbadia@example.org
650,Víctor Tamarit Iborra,angelitacarrion@example.org
651,Elisabet Cabrero,mbarriga@example.net
652,Xavier Colom,jose-antoniorobledo@example.net
653,Teresita Priego Olivé,costacarina@example.net
654,Francisco Vives Carballo,mmarin@example.net
655,Verónica Paredes Leon,ycuadrado@example.org
656,Mirta de Aliaga,sanchezroberto@example.net
657,Fabiola Ariño Aragonés,nieves31@example.com
658,Che Sanabria-Serna,palomamarin@example.org
659,Kike Sanmartín Campos,ncompany@example.net
660,Amado Menéndez,goniteofila@example.org
661,Diego Iglesias Mulet,vsantana@example.com
662,Carlito de Murillo,odalysllado@example.net
663,Segismundo Prieto Lobato,noe73@example.net
664,Rosendo Saavedra Márquez,nazario27@example.org
665,Gastón Carreño Pedrero,juan-pablovalera@example.org
666,Victorino Guerra Gallego,rolandoflores@example.net
667,Rogelio Cuéllar,renemorales@example.com
668,Eulalia Tenorio Fajardo,peraltacaridad@example.net
669,Edu Teo Fuentes Llanos,marita43@example.com
670,Nydia Tenorio Moles,jaime13@example.net
671,Francisco Bellido Montoya,pastorgraciela@example.org
672,Noé Montaña Yáñez,nnunez@example.com
673,Gertrudis Montesinos Duran,fabiana62@example.com
674,Álvaro Duilio Pérez Galiano,marianelavalentin@example.com
675,Juan José Arjona-Baños,tapiatimoteo@example.com
676,Aurelio Ferrándiz,teresaporras@example.com
677,Adrián Ocaña Lasa,custodiaperello@example.org
678,Hugo Carrillo-Tapia,valero88@example.net
679,Maricruz Luz Jaén,aroa94@example.org
680,Carlota Catalán Aranda,millajulian@example.com
681,Perla Gutiérrez Fajardo,halsina@example.org
682,Humberto Pou Francisco,ramonavalverde@example.net
683,América Teófila Rocha Cervantes,nolivera@example.com
684,Hector Nazaret Galán Planas,maria-angelespascual@example.org
685,Reyes Nieves Ramos Gracia,silvia39@example.net
686,Jacobo Conde Capdevila,maribelmayo@example.com
687,Nayara Coll Delgado,anselma27@example.org
688,Juan Manuel Ureña Asenjo,piquerpilar@example.com
689,Nacho Franch,mariapascual@example.net
690,Reinaldo Pujol Hierro,bmarquez@example.net
691,Esmeralda Isern Tomé,prudenciagranados@example.com
692,Noemí de Huertas,almudena42@example.org
693,Valero Cases Heras,ikerlorenzo@example.com
694,Vito Feliu Porras,qguitart@example.org
695,Ricarda Moliner,calixta33@example.org
696,Sigfrido Zamorano Fernandez,loreto25@example.net
697,Timoteo Fernandez Gracia,pmanzano@example.org
698,Gertrudis Llobet Arribas,kike54@example.net
699,Clarisa Alberola Arrieta,jeremias48@example.org
700,Adela de Suárez,guzmanberto@example.com
701,Seve Gracia Carreño,maciasalcides@example.net
702,Raquel Ordóñez Ferrándiz,dionisia27@example.com
703,Plácido Abraham Nadal Pino,melchorquero@example.com
704,Fausto Montalbán Peral,falconyago@example.org
705,Eutimio Tejera Azorin,lcardenas@example.com
706,Reyes Bermudez Porras,eusebiaamador@example.org
707,Dani de Martínez,maxi22@example.com
708,Sol Pascual-Mateos,odalyspereira@example.org
709,Catalina Perea-Hernando,abelladaniela@example.org
710,Eusebio Édgar Vaquero Pardo,paola15@example.org
711,Heliodoro de Carbonell,jose-antonio10@example.org
712,José Antonio Vera Juan,omesa@example.net
713,Calisto Ribera-Cabo,gomilajoaquin@example.net
714,Teodora Reyes Parra,fabregasclimaco@example.com
715,Josep Osvaldo Chaparro Marín,amador22@example.org
716,Haroldo Bejarano Jordán,macariavalbuena@example.org
717,Alejandra del Anguita,aguijarro@example.net
718,Severino del Bermúdez,kgomila@example.org
719,Obdulia Suarez-Portero,adelia08@example.net
720,Aurora Riera-Garriga,trilloulises@example.org
721,Filomena Torrijos Doménech,eligio21@example.net
722,Rosendo Borrell Cuevas,guillermosacristan@example.com
723,Julieta Rivas Esteban,zcarnero@example.org
724,Albina Iborra-Hervia,cordobachus@example.com
725,Celestina Eliana Rivas Bosch,cmayoral@example.com
726,Gaspar de Esteve,cidmaximiano@example.com
727,Cayetana Zorrilla-Bernat,pedro89@example.org
728,Josué Giner Gracia,fulgencio12@example.net
729,Renata Aznar Prat,gomezjose-angel@example.com
730,Evangelina Pelayo Riera,chuy74@example.net
731,Tadeo Escrivá Naranjo,poufeliciano@example.org
732,Rosa Fortuny Palomar,ileanaromeu@example.net
733,Maxi Huerta,bayoneugenio@example.net
734,Maricela del Guerrero,bayonatiburcio@example.com
735,Vito Telmo Bou Alcalde,otilia64@example.net
736,Dominga Ariadna Calderon Osorio,federicocal@example.com
737,Soledad Manu Carreras Méndez,hervianoelia@example.com
738,Miguela Higueras Salvador,amayacaro@example.net
739,Feliciano de Montserrat,rafael99@example.org
740,Andrea Pomares Abellán,elisa77@example.org
741,Nayara Bayo Tena,amador57@example.org
742,Ceferino Tormo Arteaga,paulaprat@example.org
743,Augusto de Yuste,pvilanova@example.org
744,Sol Tello,martirio12@example.com
745,Soraya Agudo Uriarte,reinaenrique@example.com
746,Benito Roberto Francisco Bermejo,gertrudiscaro@example.com
747,Pepito Balduino Cornejo Ortiz,remediosalberola@example.net
748,Lisandro Ortiz Miranda,rcuesta@example.net
749,Omar Pareja Asenjo,ferrandizisidro@example.net
750,Maite Jódar Bru,almeidamodesta@example.net
751,Buenaventura Jesús Barba Tamarit,casalsulises@example.net
752,Cintia Agudo Carbó,pedro53@example.org
753,Ileana Zapata Moliner,ydominguez@example.net
754,Vito Polo Aparicio,xavierpiquer@example.net
755,Cristóbal del Garay,angelina68@example.org
756,Elisabet Leiva Briones,cuestanelida@example.net
757,Aníbal Gimenez,doloresnoriega@example.net
758,Conrado de Bermudez,donaireignacio@example.com
759,Octavia Maza Canals,donairevictorino@example.org
760,Rosa Colom Ramis,bcalatayud@example.net
761,Ariel Carmelita Mayoral Correa,odalys96@example.net
762,Flor Bou,jarnaiz@example.org
763,Maricruz Caridad Aguilera Oliveras,marciogoicoechea@example.org
764,Agustina Salgado-Espinosa,pintormacarena@example.org
765,Gaspar Navarro Pereira,victorianoespana@example.com
766,Cristian Jurado Gracia,dalila92@example.org
767,José Mari Ruano,fortunyvaleria@example.org
768,Aura Silva Quintana,irossello@example.com
769,Ángel Pastor Belda Posada,eva-maria28@example.org
770,Francisco Jose Verdejo Cornejo,ignacioamador@example.org
771,Mariano Escolano Bellido,llabresgustavo@example.com
772,Cornelio del Galindo,clotilde35@example.net
773,Marcial Castell Bayón,leyretorrijos@example.com
774,Calisto Hierro Estevez,guillermohuerta@example.com
775,Yéssica Ocaña Peinado,barcelobelen@example.com
776,Rosalina Margarita Valenzuela Roldan,hmulet@example.net
777,Anunciación Carrasco Amores,ycoca@example.com
778,Eufemia Castellanos Hernandez,qvelasco@example.net
779,Perla Espinosa Valentín,malorogelio@example.org
780,Gervasio Rodolfo Castell Higueras,reyes75@example.com
781,Angélica Maldonado Artigas,ricardopaz@example.com
782,Ciro Lopez Pintor,cortesvaleria@example.com
783,Dorita Jiménez-Gisbert,uguerra@example.org
784,Florentina Yuste Paredes,ainara81@example.org
785,Renata Daza-Villena,nbayo@example.com
786,Natalio Miró Carreño,humberto39@example.net
787,Íngrid Eva María Ariño Antón,marincebrian@example.com
788,Leoncio Juan Carlos Ferreras Miranda,toribiopaez@example.net
789,Carmen Menendez,mzorrilla@example.net
790,Celia Carvajal-Soto,qgomez@example.com
791,Catalina Robledo-Maza,rbermudez@example.net
792,Juanita Rojas Reyes,gbarco@example.com
793,Fabiana Guijarro Llobet,rupertodiez@example.net
794,Borja Aguiló,annabenavent@example.net
795,Ascensión Escudero Estevez,anastasia20@example.org
796,Chus Cañellas Verdugo,vpelayo@example.com
797,Martín Osuna Velázquez,etelvinaperello@example.com
798,Ricarda Girona,frivera@example.org
799,Bernardino Carrión,rosauraplana@example.com
800,Daniel Quesada-Antúnez,albinocepeda@example.net
801,Áurea Albero Catalá,lucas91@example.com
802,Pacífica de Benavides,alemandaniel@example.org
803,Genoveva Águila Vigil,melaniachaparro@example.net
804,Flavio Cabanillas,fpintor@example.com
805,Cosme Isern Llamas,zacarias13@example.com
806,Rocío Adán Martínez,maria-belen86@example.com
807,Nazaret Adán Benavides,martin39@example.com
808,Eva Isern-Juárez,macevedo@example.org
809,Hilario del Arroyo,ciriaco82@example.net
810,Aníbal Malo Oliver,asegarra@example.org
811,Germán Curro Vergara Duran,uroyo@example.com
812,Montserrat Jara Pina,patinoosvaldo@example.com
813,Ana Palmer Galván,mtrujillo@example.com
814,Rosalina de Lasa,magdalena40@example.com
815,Angelina de Cantón,ohuertas@example.org
816,Priscila Mínguez Figueroa,rflores@example.com
817,Mario Cuenca-Sales,menajuan-francisco@example.com
818,Íñigo Barba Bonet,florinallabres@example.com
819,Ofelia Cortes Aznar,malomanola@example.com
820,Oriana Fábregas Viñas,porfirioblazquez@example.org
821,Abel Moles Prieto,jaumeviviana@example.com
822,Rosa Cantón Aguiló,ymarcos@example.org
823,Quirino Cuervo Baró,ivicente@example.net
824,Vicenta Benitez Ojeda,graciamalo@example.org
825,Nicolasa Domingo Armengol,galanlucas@example.net
826,Cayetano Barragán-Colomer,salinasbenigno@example.com
827,Gertrudis Arco Maza,salomon74@example.net
828,Apolonia Malo,vminguez@example.org
829,Duilio Botella Otero,emelinadelgado@example.com
830,Saturnina Pina Asenjo,faustino00@example.net
831,Teresita Lara Hoz Ballesteros,xagusti@example.com
832,Amanda Arenas Cordero,barce@example.net
833,Blas Millán Agudo,nevadobienvenida@example.com
834,Pelayo del Tejada,nereida07@example.net
835,Andrés Costa Mármol,apariciojeremias@example.org
836,Isidora Pou Gallego,palaciosangelina@example.net
837,Guillermo Falcón Alvarez,yjara@example.net
838,Roldán Valentín-Carpio,marisacabrera@example.org
839,Charo Valle Blanes,brunocobo@example.org
840,Salvador Exposito Elías,millanadelina@example.net
841,Marcio Gilabert Rosselló,fabramoreno@example.net
842,Teodora Bueno Vélez,alejandrapinilla@example.com
843,Ximena Tena Piña,rebollonando@example.org
844,Gustavo Gordillo Lago,zoraidariera@example.com
845,Cecilia Salvà León,nuriapenas@example.net
846,Tomasa Baños Carvajal,osegui@example.net
847,Agustín Benavides Pozuelo,valdesrufino@example.net
848,Otilia Rivera Salazar,bolanoshugo@example.com
849,Herberto Anastasio Gil Girón,alex19@example.net
850,Rosalva de Cabanillas,somozanicolas@example.com
851,Quirino Gonzalo-Pombo,galavalencia@example.net
852,Jose Francisco Alberola Antón,camilopozuelo@example.com
853,Fátima Emperatriz Redondo Prado,edmundo35@example.net
854,Rufina Viñas Lumbreras,noemi57@example.com
855,Remigio Gárate Landa,maximo56@example.com
856,Virginia Parra Arias,fabiansebastian@example.com
857,Pánfilo Duque-Mendez,inescordero@example.org
858,Clotilde Villena Oliver,salmeronmalena@example.net
859,Jennifer Grande Enríquez,ljordan@example.net
860,Luis Vergara,pastoravalbuena@example.com
861,Irma Lobato Gilabert,gilalejo@example.com
862,Albino Rodríguez Viñas,irmaizquierdo@example.com
863,Rosendo de Ramírez,bernardamorell@example.org
864,Osvaldo Mayol Cepeda,kvalenciano@example.net
865,Dafne Tur Cortes,nicolasatejera@example.net
866,Edelmiro Monreal-Perea,rjodar@example.org
867,Ignacia Iborra Gomez,gonzalo79@example.com
868,Hermenegildo Ribera Donoso,pvinas@example.com
869,Lucila Vargas,alonso58@example.com
870,Gerardo del Leal,primitivo78@example.net
871,Ramiro Moles-Iglesias,rcazorla@example.com
872,Jeremías Torrens Santana,laloguzman@example.com
873,Liliana Carmina Quintanilla Gaya,yruiz@example.net
874,Leonor del Llanos,imurcia@example.net
875,Godofredo Barranco Valencia,eva-maria27@example.org
876,Telmo Zorrilla Flor,trinidad34@example.com
877,Toribio Galvez Ordóñez,clementina45@example.org
878,Isabel Yaiza Moreno Colomer,ztorrents@example.com
879,Vito Jose Antonio Rivera Iglesia,cadenasjuan-carlos@example.net
880,Olegario Ferrer,ramirezcristina@example.net
881,Sabas Zurita Villena,zcuadrado@example.org
882,Florentina Sanmartín Méndez,peramoreno@example.org
883,Amada Paz Fuente,florenciabalaguer@example.net
884,Eladio Sans Casals,vigilemma@example.com
885,Edelmira Bernal Llanos,ruben93@example.org
886,Ruy Campo Ródenas,salomonhuerta@example.net
887,Tere Ortega Cerezo,gzaragoza@example.net
888,María Fernanda Angulo Pol,rourabaudelio@example.org
889,Ileana Castelló-Jiménez,mohamed99@example.com
890,Hipólito Millán López,raquel74@example.net
891,Joan Casanovas Cazorla,vascosalmeron@example.com
892,Florencio Peralta Escobar,lina45@example.net
893,Eusebia Grande Álamo,perezmatias@example.com
894,Ramón Baquero Torres,goyo78@example.org
895,Manuela Pinto-Bueno,wjulia@example.org
896,Esperanza Arévalo,xcompany@example.com
897,Víctor Huguet,nsacristan@example.com
898,Tamara Nogueira Corominas,joseecheverria@example.net
899,Mariano Ruano Giner,escolanomayte@example.com
900,Primitivo Izquierdo Benavides,natalioferrandez@example.org
901,Silvio Hierro Morell,ainoa27@example.net
902,Norberto Perea Armengol,dominguezemilio@example.org
903,Florina Elena Sanchez Pont,sonia26@example.net
904,Pascuala Juliá Landa,ruizmaria-del-carmen@example.net
905,Chus del Jerez,isernsonia@example.com
906,Yaiza Riera-Mas,candido16@example.net
907,Dimas Amaya Bustamante,abigailtur@example.com
908,Teodora Pastor Anguita,falconalfredo@example.org
909,Luis Miguel del Ojeda,nilda82@example.com
910,Luis Ángel Acuña Berenguer,lsilva@example.net
911,Martirio Viana Larrañaga,felipe44@example.net
912,Custodia Mármol,casalmaria-luisa@example.net
913,Jimena Tamayo Águila,salinasgaston@example.org
914,Lupe Segura Piñol,vpaez@example.net
915,Perla Guitart,xavier99@example.net
916,Amílcar Asensio,humbertoramirez@example.net
917,Trinidad Julio César Llamas Yuste,paulina62@example.net
918,Epifanio Pardo Salvador,elias81@example.net
919,Donato Ávila Rubio,buenaventuramaestre@example.net
920,Gracia Conesa Cerro,planaleticia@example.org
921,Gabriel Morcillo,lucioquevedo@example.com
922,Amando Valle Polo,hbautista@example.com
923,Eduardo Pastor Carrera,aranzazu94@example.net
924,Chucho Crespi Casares,cordobavisitacion@example.org
925,Leonor Espejo Piña,ursulasalinas@example.com
926,Nereida Armengol Chaves,perahernan@example.net
927,Jesús Burgos-Aragón,trujilloovidio@example.net
928,Luis Álvarez Salazar,caridadpozuelo@example.org
929,Baltasar Cobo-Marí,armidabalaguer@example.org
930,Silvia Dalila Porcel Contreras,elorzaiban@example.com
931,Florencio Cabezas Lamas,valentinllobet@example.org
932,Loida Somoza Castelló,hpalacio@example.org
933,Isaura Diéguez Peral,martinasalom@example.org
934,Emma Olivé Bellido,artemio74@example.com
935,Ceferino Fausto Reguera Lerma,antoniosolano@example.net
936,Adoración Márquez Chamorro,chelo97@example.com
937,Teófila Calderon Torrens,carminabalaguer@example.org
938,Emelina Uría Galan,eugeniojulia@example.org
939,Paz Alcalde Castillo,alvarezcandelario@example.com
940,Juan Manuel Cañellas Vera,gelabertloreto@example.net
941,Reyes Palomino-Viana,benjamin35@example.org
942,Cecilia Olivares Flores,encarnacionvalles@example.net
943,Antonio Soriano Taboada,ainoa93@example.net
944,Azucena Gomila Valero,acunareina@example.com
945,Fernanda Galindo Canals,hespana@example.org
946,Mamen Lara,iker06@example.com
947,Aníbal Granados,amelendez@example.org
948,Gabino Teo Soto Pallarès,ygras@example.com
949,Baldomero Iglesias Prat,luciana96@example.net
950,Lupita Ribas,jesusamador@example.org
951,Juanita Franch Portillo,soriadionisio@example.com
952,Águeda Mendizábal,odalis09@example.org
953,Jose Antonio Lasa,gonzaloestrella@example.net
954,Tecla Crespi Morán,eprieto@example.net
955,Maricela Mariscal Barba,olga91@example.org
956,Eliana Suarez Zabaleta,josefapozuelo@example.org
957,Carmela del Pi,rosalesplacido@example.net
958,Azahar Aragonés Asensio,jose-mariaalcalde@example.com
959,Tecla Vázquez Ferrando,caboesperanza@example.net
960,Moreno Gual Ribes,amilcar03@example.org
961,Balduino Mena Lumbreras,alcides23@example.org
962,María Jesús Gonzalez-Orozco,maria-cristina95@example.org
963,Edgardo Roca Crespo,sbonet@example.com
964,Fabiola Castilla Real,penajose@example.net
965,Selena Gordillo Garriga,escuderopaco@example.com
966,David Requena Ureña,zbuendia@example.net
967,Rufino Alcaraz Barrera,chaconheriberto@example.org
968,Fátima Yáñez Quintana,matashernando@example.net
969,Jessica López Sanjuan,mauricio69@example.org
970,Begoña Álvarez,ubayo@example.org
971,Marita Losada-Corbacho,buenogeorgina@example.com
972,Adelina Cal,ruycisneros@example.net
973,Anna Pera Segovia,garciasalomon@example.org
974,Demetrio Heliodoro Revilla Blanco,castellsisidora@example.net
975,Miguel Borrás Oliva,fidelabaez@example.com
976,Gloria Emilia Gual Pou,andres01@example.com
977,Jacobo Escolano,gomezmorena@example.com
978,Roldán Salvà Molina,violeta66@example.net
979,Blas de Patiño,haroldocifuentes@example.org
980,Daniel Corral Fuentes,kvera@example.net
981,Trinidad Villalba Palacio,velazquezjordan@example.org
982,Reyes de Villar,emaza@example.org
983,Aurelio Barranco Jara,clarisarozas@example.com
984,Cebrián Patiño Roda,luria@example.net
985,Estefanía Cándida Cid Landa,catalina01@example.net
986,Baltasar Ferrera Quirós,estevezadoracion@example.net
987,Baldomero Almansa Colomer,roque22@example.com
988,Alexandra Cervera Vall,solsimo@example.org
989,Glauco Lobato Manzanares,duartecarmelita@example.org
990,Loida Pineda Tejedor,nidiamoll@example.net
991,Elodia Estévez Gibert,marcelablazquez@example.net
992,Gonzalo Sala Aroca,berta41@example.org
993,Leandro Velasco Verdejo,tormomariano@example.net
994,Morena Palmer Atienza,campospepito@example.com
995,Pedro Gómez Ballesteros,aramburugustavo@example.com
996,Ángela Belda Palomino,mroura@example.net
997,Nicolás Barrio Cuenca,alberoteresa@example.org
998,Rosaura Lucila Cabezas Requena,fuenteedelmiro@example.com
999,Jovita del Coello,gasconoscar@example.org
1000,Pili Aguirre Exposito,maximaizquierdo@example.com
1001,Ricardo Mayoral Reyes,lucasrenata@example.net
1002,Bibiana Collado Giner,glauco80@example.org
1003,Adoración Aliaga-Quevedo,pinapio@example.org
1004,Julia Ortuño Barroso,daragon@example.com
1005,Gabriel Arroyo Isern,albina96@example.org
1006,Socorro del Pacheco,gervasiohoz@example.org
1007,Marino Sola Bou,maldonadogalo@example.net
1008,Silvia de Borrego,nunezteresa@example.com
1009,Maxi Garriga Rosell,jenaro64@example.com
1010,Teo Aguirre Llano,romulo82@example.net
1011,Olalla Moreno,cuetoclara@example.org
1012,Calixta Escamilla Reina,martigas@example.com
1013,Socorro Cabo Rodrigo,alex84@example.net
1014,Mercedes de Delgado,rosarioreal@example.org
1015,Blanca Palmira Sierra Pallarès,doritaalvaro@example.net
1016,Ariel de Giralt,gil03@example.net
1017,Ramiro Gilabert Barragán,genovevavalentin@example.com
1018,Cruz Reinaldo Puga Silva,malenacastejon@example.com
1019,Sandra Fabregat-Gallart,fernandezmarina@example.com
1020,Ligia Lledó Aguado,manuaguado@example.com
1021,Juana Hervás Egea,olivaresolimpia@example.com
1022,Marcio Vila Quintero,aguilafeliciano@example.com
1023,Evelia Carreras,tnieto@example.org
1024,Quique Cuadrado Aguilera,nmanuel@example.com
1025,Loida Ferrándiz Arco,encarna16@example.net
1026,Che Lara Marcos,tfernandez@example.net
1027,Griselda Ester Sevillano Llopis,albano87@example.com
1028,Ezequiel Garay-Abellán,garana@example.net
1029,Celia Calvo,ainaracarro@example.com
1030,Leire Báez Cózar,qgaliano@example.org
1031,José María Morell Anaya,parejatadeo@example.org
1032,Ruperta del Abril,dmanuel@example.net
1033,Lupita Guerra Hoyos,eduardo74@example.com
1034,Elena Saavedra,claramadrid@example.com
1035,Julia Olmedo Pedrosa,lucila56@example.com
1036,Amelia de Arana,jadan@example.net
1037,Severo Rivas Espejo,mario03@example.com
1038,Jose Ramón Timoteo Lozano Feliu,monteroleyre@example.org
1039,Sebastián Iglesias Rosell,viviana09@example.com
1040,Plinio Pablo Pardo,juan-manuel19@example.org
1041,Che Barriga Sacristán,itziar70@example.com
1042,Jose Manuel Reinaldo Nogués Sarabia,edelmira24@example.net
1043,Juan Luis Lorenzo Jimenez,opineda@example.com
1044,Albano Vélez Viana,gasparroura@example.net
1045,Adelia Delgado Aguiló,jferrandez@example.org
1046,Aristides Olivares Alegria,realiris@example.net
1047,Ana Sans Heredia,jeronimo25@example.com
1048,Samanta Reig-Bautista,luis-miguel96@example.org
1049,Dulce Gabriela Cabello Gallart,raimundo63@example.net
1050,Apolonia Tomasa Pinto Quintanilla,gironjavier@example.net
1051,Pili Valbuena Ropero,marisol51@example.net
1052,Dafne Mariscal Maza,lortega@example.org
1053,Abel Abraham Robledo Zaragoza,ucontreras@example.com
1054,Anabel de Plana,scarvajal@example.org
1055,José Luis Coll,bernadcleto@example.com
1056,Leocadia Novoa Esparza,mvalentin@example.net
1057,Hermenegildo Manzano Seguí,ponciolozano@example.com
1058,Ovidio Alfonso Ordóñez Tirado,belmontetrinidad@example.net
1059,Isidora Pallarès Tenorio,nazaretroura@example.org
1060,Horacio Andrés Tapia,marciano84@example.org
1061,Jacinta Carrasco,maria-manuela64@example.org
1062,Ismael Cobos Huguet,ximenaazorin@example.net
1063,Onofre Cortina,martinezmanu@example.com
1064,Nerea del Molins,vilaplanavictor@example.org
1065,Gastón Gallo Sobrino,campoyeutropio@example.org
1066,Clarisa Mascaró Gilabert,busquetsteofilo@example.net
1067,Isaías Bilbao Garcés,hidalgomaria-teresa@example.com
1068,Osvaldo Jara Sierra,zaviles@example.net
1069,Sandra Seco Carreño,narciso46@example.net
1070,Pepito Salinas,vinicio06@example.net
1071,Efraín Pereira Pazos,encarna74@example.org
1072,Luz Hernando Huerta,lamaspaula@example.com
1073,Camilo Costa Tovar,osvaldo34@example.org
1074,Paulina Garay,desideriorozas@example.com
1075,Eligia Menendez Roselló,navarronicodemo@example.net
1076,Jose Antonio Plaza-Baños,ubecerra@example.com
1077,Plinio Montoya,ernesto49@example.org
1078,Marcelo Solana Mateo,sacristanadelaida@example.org
1079,Carmela Escobar Tejedor,coraldieguez@example.com
1080,Cecilia Vega Cánovas,feliciananovoa@example.com
1081,Leocadio Acedo Calvo,alfredo33@example.net
1082,Roque Valenciano Collado,cgomis@example.com
1083,Jerónimo Cámara,xgutierrez@example.com
1084,Itziar Palomino Llano,buenolourdes@example.com
1085,Jose Ramón Garriga-Plaza,linaarino@example.org
1086,Rosario Alberto,mesarafa@example.org
1087,Anunciación Fuertes Asenjo,quirogacasandra@example.net
1088,Aura Balaguer Serrano,luissancho@example.com
1089,Imelda Villanueva,pacasolis@example.com
1090,María Manuela Alemán Casal,rosaliarojas@example.com
1091,Andrés Felipe Villalonga Palomar,iclemente@example.org
1092,Noemí Pagès-Dueñas,giraltbernardita@example.com
1093,Timoteo Fausto Tejedor Lopez,arteagaherminio@example.com
1094,Amaro Severo Batalla Aguilera,llledo@example.com
1095,Lorenzo Piñeiro Lasa,isidora22@example.net
1096,Bernarda Catalán-Somoza,dnunez@example.org
1097,Lucía Soria Hoyos,visitacion27@example.com
1098,Candelas Gallo Cantero,artemioreyes@example.com
1099,Vanesa Tudela Trujillo,jpaniagua@example.com
1100,Manuela de Calatayud,guadalupe44@example.com
1101,Maristela Pont Iñiguez,paezricarda@example.net
1102,Teófila Santos,kcarballo@example.com
1103,Espiridión Cañizares Rubio,jteruel@example.com
1104,Celso Nilo Farré Rico,epont@example.org
1105,Plácido Mariscal Vizcaíno,jose13@example.com
1106,Gisela Sancho Canals,ccodina@example.org
1107,Carina Cañas Lago,arellanohumberto@example.com
1108,Olegario Sosa Álvarez,tbarcelo@example.org
1109,Rosendo Fernández López,placido17@example.org
1110,Ruth de Lopez,usalinas@example.net
1111,Alexandra Franch Tejero,ascensiondelgado@example.com
1112,Chus Santos,pperea@example.org
1113,Regina Cáceres Morillo,maria-belen80@example.org
1114,Loreto Ruiz Boix,espanaserafina@example.org
1115,Tecla del Viña,tconde@example.net
1116,Aureliano Ribas Belmonte,manriqueyolanda@example.org
1117,Moreno Reguera Salazar,buenaventura16@example.com
1118,Desiderio Zamora-Castañeda,adanarino@example.com
1119,Dora Girona Teruel,luis-angel40@example.com
1120,Baltasar Alemán Villar,teo32@example.net
1121,Rodolfo Acosta Pujadas,eusebio98@example.net
1122,Isa Cepeda Pizarro,vilma14@example.org
1123,Eleuterio Buenaventura Cantero Blanca,kikeolmo@example.net
1124,Pacífica Solano-Trujillo,gbarranco@example.net
1125,Nidia del Chico,claudiaangel@example.net
1126,Silvia Macarena Alegre Palau,delfina04@example.com
1127,Chuy Benito Carpio Castellanos,dcadenas@example.com
1128,Rufino Riba,pomboolivia@example.net
1129,Herminia Nadal Fortuny,psureda@example.com
1130,Perla Quevedo-Bravo,csolis@example.org
1131,Gabriela Noguera Tapia,ramiro93@example.org
1132,Paulina Tatiana Zorrilla Mayol,pacagutierrez@example.com
1133,Ester de Vicens,mancebocarmelo@example.org
1134,Bautista Rico Pallarès,juan-bautista07@example.com
1135,Nieves Marin Berrocal,yago57@example.org
1136,Ruy Alfaro Coll,wlosa@example.org
1137,Josep Acevedo Blasco,bernarditaguerrero@example.net
1138,Bienvenida Cortes-Canals,renata58@example.net
1139,Pastora Pallarès-Perera,reyescoll@example.net
1140,Manu Cuéllar Clavero,nrocha@example.net
1141,Wilfredo Leiva Molina,florentino11@example.org
1142,Isidora Huerta Salgado,florindaalsina@example.com
1143,Sonia Beatriz Rios Aller,gsoriano@example.net
1144,Georgina Verdú Garriga,seconatanael@example.org
1145,Ruben Saez,eliseomenendez@example.com
1146,Bernabé Nazario Landa Peiró,ygaya@example.com
1147,Onofre Cortés,oterron@example.com
1148,Paulina Piñol-Garcia,norbertoblasco@example.net
1149,Anabel Mata Rosell,paulinarequena@example.org
1150,Renata Piñol Tapia,fguerra@example.com
1151,Priscila Andres Jáuregui,jesusaarias@example.org
1152,Casemiro Álamo Valdés,salazarcirino@example.net
1153,Andrea Guardiola Alonso,ribesadriana@example.org
1154,Visitación Arce Alcalá,xcid@example.com
1155,Tristán Oller Anglada,reyesllorente@example.com
1156,Luís Conesa Romero,raimundo34@example.com
1157,Fabiola Lilia Ayuso Valera,epaz@example.net
1158,Modesto Pedrero,villalobosgodofredo@example.org
1159,Isa Herrera Herranz,nicolas08@example.org
1160,Ani Elías Gibert,wbarbero@example.com
1161,Zoraida Gomila Valera,monicamorata@example.org
1162,Eloy José Campos Cabo,rosapaulina@example.org
1163,Ricardo Peñas,bsanabria@example.com
1164,Valeria Calderón Quesada,carmonaaugusto@example.com
1165,Felix del Pablo,elisa97@example.org
1166,Trinidad Abellán Ripoll,lros@example.net
1167,Jose Ramón Segovia Artigas,nilda81@example.com
1168,Mariano Ruiz Bermudez,crespicorona@example.org
1169,Julie Osuna Marquez,uorozco@example.com
1170,Marciano Feliu Montesinos,peraltito@example.net
1171,Octavio Garzón Aramburu,julie05@example.net
1172,Juan Pablo Cerdán Tapia,lorenazamora@example.com
1173,Clímaco Salgado Cabello,cbaron@example.org
1174,Narcisa Clemente Laguna,arocajosue@example.org
1175,Quirino Sainz Garzón,ipenas@example.net
1176,Rafael Gracia,nicolasmartinez@example.com
1177,Borja Castellanos Fuster,tcrespi@example.com
1178,Loreto de Artigas,kterron@example.net
1179,Guillermo Rios Gascón,wpera@example.org
1180,Raúl Valenzuela Valcárcel,manjonemperatriz@example.net
1181,María Ángeles Morena Arana Marín,corominasleon@example.net
1182,María Jesús Abad Mulet,ymacias@example.com
1183,Sara Teruel,qsantamaria@example.com
1184,Santiago Cobo-Nebot,fflores@example.org
1185,Vanesa de Bosch,gloria14@example.org
1186,Purificación Vigil Briones,candelarioclemente@example.net
1187,Alejandra Cueto Vigil,ricardobecerra@example.com
1188,Ciro Marí Salazar,guadalupe60@example.net
1189,Liliana Corominas Piquer,alexandra20@example.com
1190,Jose Manuel Font Badía,colljosue@example.org
1191,Edmundo Manso Torrents,angelgallego@example.com
1192,Florencia Colom Benet,narcisa29@example.net
1193,Ibán Cerro Hoyos,ovidiobuendia@example.com
1194,Albino Ibañez Cordero,xfolch@example.com
1195,Yaiza del Bonet,wropero@example.org
1196,Fabricio Lara,dbayo@example.net
1197,Josué Velázquez Quintana,hmur@example.net
1198,Sol Sebastián Estevez,reginamata@example.com
1199,Clarisa Batlle,avelasco@example.net
1200,Jovita Casado Cano,eduardorobles@example.org
1201,Luz del Llanos,fulgencio62@example.net
1202,Delfina Georgina Beltrán Villa,curro13@example.net
1203,Modesto Javi Garcia Verdejo,obarragan@example.net
1204,Javiera Peláez Pujadas,kcolomer@example.com
1205,Ani Abad Cerdán,juan-antoniosalinas@example.net
1206,Toni Lucho Alberola Clavero,valcarcelharoldo@example.net
1207,Reyna Chamorro Serrano,pastorarjona@example.net
1208,Albina Vallejo Aparicio,noevillaverde@example.com
1209,Ernesto del Sanmartín,nazario13@example.com
1210,Berto Bosch Colom,amparomateo@example.net
1211,Ricardo Sergio Casanova Fernández,valverdeezequiel@example.net
1212,Rosa Oliva Montesinos,ncabo@example.org
1213,Toni Cañellas Abascal,enriqueojeda@example.org
1214,Sigfrido Falcón Losa,romulo66@example.org
1215,Flor Rosado Redondo,africaanguita@example.org
1216,Jose Miguel Hoz Reina,evitacarballo@example.org
1217,Azahar Franch,portillopia@example.org
1218,Loida Marti Andres,apoloniapelaez@example.net
1219,Kike de Cabello,villaverderebeca@example.org
1220,Rosenda Tena Bárcena,rufinoredondo@example.com
1221,Cebrián Bru Figueras,benaventemarisela@example.com
1222,Manolo Bustamante Priego,angelina39@example.com
1223,Montserrat Escudero Vilanova,vallyesica@example.org
1224,Valerio Pavón Reig,qfabregat@example.org
1225,Manu Rosales Sacristán,paca05@example.net
1226,Camila Piñeiro Galvez,fangulo@example.org
1227,Antonio Prieto Cardona,albertquintana@example.net
1228,Antonio Rodríguez Barrena,vmarquez@example.com
1229,Benito Fuentes Angulo,asenjoleocadio@example.net
1230,Nico Dalmau-Colom,arielblanch@example.org
1231,María Mayo,adelaidasaez@example.org
1232,Daniela Riquelme Chacón,luciana13@example.org
1233,Camilo Chaves Leiva,velezemperatriz@example.net
1234,María Del Carmen Bernal Rubio,josefa93@example.net
1235,Macario Menéndez Salcedo,companyyaiza@example.com
1236,Yésica Escribano Girona,pmunoz@example.org
1237,Gervasio Arrieta Bonilla,lopeztrinidad@example.net
1238,Luisa Bárcena Baños,castrillovalentina@example.org
1239,Alejo Bello Cañellas,adriana17@example.net
1240,Anita Sebastián Salamanca,melchor14@example.com
1241,Sabina Agustín,lluna@example.org
1242,Amalia Santamaria Solera,segarraantonio@example.com
1243,Ibán del Toro,ladadia@example.net
1244,Graciela Téllez,jfigueras@example.net
1245,Jesús de Mariño,petrona10@example.net
1246,Sandra Tomasa Estevez Ortiz,vvillalobos@example.org
1247,Norberto Chacón,hermenegildopages@example.net
1248,Ema Bravo Vergara,vanesainiesta@example.com
1249,Cipriano Escrivá Alfonso,azahar18@example.com
1250,Tiburcio Abellán Villegas,ddaza@example.org
1251,Gala Arco-Mínguez,wmena@example.net
1252,Rosario Burgos Carranza,vallestoribio@example.net
1253,Tomás de Dominguez,oscarmelendez@example.com
1254,Leyre Cuesta Guillen,armandomorera@example.org
1255,Virgilio Urrutia Sabater,domingotudela@example.com
1256,Ester Nebot Verdú,aechevarria@example.net
1257,Nico Fuentes-Almansa,daniel31@example.net
1258,Asunción Encarnita Salvador Reyes,pradarufina@example.com
1259,Chus Grau Izquierdo,simon91@example.com
1260,Ramón Armas Arenas,inmaculada00@example.org
1261,Soraya Concha Girona Cid,elisabetchamorro@example.org
1262,Etelvina Barón Rodriguez,acostaeloy@example.net
1263,Dionisia Vicens Pol,josemelendez@example.net
1264,Bruno Aparicio Codina,bonifacio13@example.org
1265,Encarna Campo-Belmonte,brunoacedo@example.org
1266,Victoria de Maldonado,pramirez@example.org
1267,Esteban Ochoa Armengol,fvaldes@example.net
1268,Miguela Agustí-Dominguez,berto37@example.org
1269,Teresita Alberto Mulet,rodriguezremedios@example.net
1270,Saturnino Carrillo-Martínez,teofilolozano@example.net
1271,Faustino Jose Angel Barreda Mascaró,blasadadia@example.com
1272,Teodora del Guardiola,pozuelolucila@example.com
1273,Teresa Alondra Larrañaga Robledo,gtome@example.com
1274,Aníbal Marcelino Gárate Borrego,rico08@example.net
1275,Noelia Alcázar Pozuelo,cardenasgraciela@example.net
1276,Melchor Olmo Cobo,pavonflorencia@example.net
1277,Ester Márquez Palma,ygallart@example.org
1278,Remigio Aureliano Castro Hoyos,roman86@example.org
1279,Bruno Diez Blanch,sbustamante@example.com
1280,Epifanio Lerma Parejo,canglada@example.org
1281,Carmelita Castells Duque,reinavirginia@example.net
1282,María Pilar del Dominguez,sfeijoo@example.org
1283,Samanta Álvaro Moliner,wsanmartin@example.com
1284,Cándida Amor Arévalo Ortuño,amigocandido@example.org
1285,Máximo Lobato,hnogues@example.org
1286,Fausto Exposito Aranda,donairemaristela@example.com
1287,María Carmen Figueras Esteve,cayetana19@example.com
1288,Cosme Zacarías Segovia Coloma,amor94@example.org
1289,Esperanza Milla,marcelocorbacho@example.com
1290,Jose Zorrilla-Calvet,cfeijoo@example.com
1291,Sergio Alfredo Camino Gámez,epifaniopons@example.net
1292,María Jesús Suarez Hernandez,bsarabia@example.com
1293,Ruy Piña Roda,veraroda@example.org
1294,Modesta Agustín,violeta55@example.org
1295,Tomás Muñoz Batalla,tcal@example.com
1296,Violeta Maza Nogueira,sergio83@example.net
1297,Azucena Meléndez,mauricio25@example.net
1298,Héctor Jordi Moya Menendez,grios@example.com
1299,Carlos Bautista Huguet Beltran,marquespepe@example.com
1300,Mercedes Duque Quevedo,ferranflora@example.net
1301,Guadalupe Tomás,francisco-josemendoza@example.net
1302,Virgilio Adelardo Marti Arranz,cllopis@example.com
1303,Rolando Perelló Izquierdo,sariza@example.org
1304,Nazario Páez Mora,reyesconde@example.com
1305,Inés de Antón,ocarballo@example.org
1306,Marcia Jessica Toro Mayo,sherrero@example.net
1307,Custodio Olivé Calzada,modesto75@example.org
1308,Máxima Iniesta,pfonseca@example.org
1309,Odalys Sancho,moleseusebia@example.net
1310,Tomasa Lloret Machado,horacioalcantara@example.org
1311,Marc Álvaro Doménech,irosa@example.org
1312,Anselma Murcia-Benet,waranda@example.com
1313,Sandra Azahara Cifuentes Girona,severino62@example.net
1314,Caridad Débora Pozuelo Blazquez,amanda88@example.org
1315,Toribio Manuel Clavero Palmer,correaduilio@example.org
1316,América Edelmira Azcona Galán,artemio07@example.com
1317,Octavio Sebastián Bustos,ruizmario@example.com
1318,Ainoa Hierro Carrasco,baenabaudelio@example.org
1319,Tito Carretero Blanes,donatogoni@example.net
1320,Laura Castellanos Pozo,ursula24@example.com
1321,Herminio Alejandro Girona Martin,palaciosrosalva@example.org
1322,Violeta Vidal,losadaagata@example.com
1323,Trini Lluch Jurado,leyreocana@example.org
1324,Jose Ramón Borrego-Alberdi,kmaestre@example.com
1325,Julia Amador Artigas,jose-antonio07@example.org
1326,Jose Antonio Mariño Fabregat,moralesrodolfo@example.com
1327,Alfredo Adelardo Cuervo Miró,blasredondo@example.net
1328,René Garcia Nogués,agalvez@example.org
1329,Che Juárez Casanova,elilorenzo@example.net
1330,Nico Llano Diego,apolonia50@example.net
1331,Sabina Melania Coca Navas,daniel42@example.org
1332,Fabiola Rosenda Ochoa Jódar,fcamara@example.org
1333,Perla Azcona Arco,reinaldoangel@example.org
1334,Régulo Dominguez Girona,fzamora@example.com
1335,Toni Rocamora Sanchez,carmeloalberdi@example.org
1336,Francisca Mancebo,florinaparejo@example.net
1337,Débora Cisneros Rodrigo,josepribas@example.org
1338,Marcia Macías,hangel@example.net
1339,Marino Manjón Herrero,emelinaroura@example.com
1340,Ruben Santamaria-Monreal,jtirado@example.net
1341,Máxima Llorente Requena,castellisabel@example.org
1342,Andrea Campos Giralt,xbaro@example.org
1343,Goyo Caparrós Alcántara,bpaniagua@example.org
1344,Emilio Fernández Pons,rocio30@example.org
1345,Marisa Piquer Mayo,eferrando@example.org
1346,Josep Pino Bayona,vbonet@example.com
1347,Renato Bárcena Meléndez,adieguez@example.com
1348,Leonel Coll Barrera,molesflorentino@example.com
1349,Rocío Moraleda Molins,quirogarene@example.org
1350,Miriam Cabrera Iniesta,bmarco@example.org
1351,Flavia Sanchez-Tur,rubiocelestino@example.com
1352,Benigno Alonso Borrell,oesteban@example.net
1353,Rosenda Barbero Carranza,benitaadan@example.com
1354,Vasco Bernardo Zaragoza Busquets,ciriaco41@example.net
1355,Jessica Abad,rene19@example.com
1356,Benigna Pintor Borrás,raquel18@example.net
1357,Florinda Niño Arribas,ncarrillo@example.com
1358,Eduardo Gonzalo Cáceres,lazaro49@example.org
1359,Rolando Pou Sanmiguel,lvizcaino@example.org
1360,Godofredo Canet Bastida,cristina59@example.org
1361,Gonzalo Gárate Tirado,jafet64@example.org
1362,Victor Manuel Luz-Mancebo,ngarrido@example.net
1363,Herminia del Mateos,bartolomebelen@example.com
1364,Odalys Castillo Mancebo,mamenalvarez@example.net
1365,Jerónimo Donoso Bueno,fernandezencarnacion@example.net
1366,María Cristina de Espinosa,bescobar@example.org
1367,Gregorio Franco Castro,rebecasanjuan@example.com
1368,Osvaldo Taboada,evangelina88@example.org
1369,Amada Vélez,eecheverria@example.net
1370,Horacio Ponce-Vallejo,bautista52@example.org
1371,Gilberto Mir-Llabrés,aleon@example.net
1372,Cipriano Mata Bertrán,felipe72@example.org
1373,Máximo Murillo Ayala,juana50@example.com
1374,Ana Sofía Nicolás-Cervera,enriquealonso@example.org
1375,Emiliano Arana Arribas,moratacustodio@example.org
1376,Prudencio Monreal Vallés,saturninavallejo@example.com
1377,Selena Agustín-Báez,encarna63@example.net
1378,Amancio Coll-Adadia,carlosmartina@example.com
1379,Eli Estévez-Hurtado,pmarin@example.net
1380,Segismundo Arteaga,somozapedro@example.com
1381,Alba Requena Arrieta,clementejuarez@example.org
1382,Sara del Sainz,bermudezangelita@example.com
1383,Gastón Giner-Jurado,yagolosada@example.com
1384,Chelo Santana Español,vilacesar@example.com
1385,Gregorio Marquez Olmo,llopisjessica@example.com
1386,Hipólito Domínguez Gomez,cebrian34@example.net
1387,Loreto Estrada-Barrera,morillomarisol@example.org
1388,Amancio Gómez,genovevaoliver@example.com
1389,Patricio Íñigo Busquets Oliver,gaspar98@example.com
1390,Javiera Prat Miranda,tecladomenech@example.org
1391,Apolinar Belda Rosell,monterorenata@example.com
1392,Luna Roura-Espinosa,chuchobaez@example.org
1393,Lara Sáenz-Rozas,luis07@example.org
1394,Cleto Lobato Mariscal,rosa86@example.net
1395,Irma del Novoa,jeremias51@example.org
1396,Maximiano Ferrán Pacheco,merchevergara@example.net
1397,Gabino Ibarra,candelariofeijoo@example.org
1398,Graciana Escamilla,azucenacanet@example.com
1399,Olga Amparo Barrio Albero,leandroburgos@example.net
1400,Mónica León Escribano,ruizcalisto@example.org
1401,Martín Patiño Prada,llillo@example.com
1402,Roldán Río Borrás,marmengol@example.net
1403,Nydia Carlos Viñas,nelida84@example.com
1404,Úrsula del Valderrama,wfeijoo@example.org
1405,Lola Pla-Morera,rubenborja@example.com
1406,Mohamed Aragonés-Ricart,custodiavelez@example.net
1407,Artemio Morera,esterriba@example.com
1408,Aureliano Sebastián Palomar,eufemiasolsona@example.com
1409,Carlos Felipe Cantón Losada,cabanillaszacarias@example.com
1410,Leocadio de Corominas,encarnacionpaniagua@example.com
1411,Cecilia Cid-Rosselló,fabregasmaria@example.net
1412,Maxi Armengol,estela31@example.com
1413,Candelas Peral Lladó,ymenendez@example.com
1414,Azahara Fabregat Mosquera,bienvenida26@example.com
1415,Julia del Herrero,cebrianreyes@example.net
1416,Nicodemo Ramis Cervantes,camigo@example.net
1417,Renato Clavero Bueno,escribanonicanor@example.net
1418,Angélica Noguera Mascaró,sanchobarreda@example.net
1419,Marcio Andrés Ochoa Casal,ucabrera@example.net
1420,Hernando Virgilio Montesinos Santiago,bcases@example.net
1421,Jonatan Bayón Laguna,casemiro91@example.net
1422,Rodolfo Raya Ferrándiz,posadamelisa@example.net
1423,Cornelio Tapia,arielrivero@example.org
1424,Nazaret Vila Pazos,jeremiaspriego@example.org
1425,Matías Marco Fuente Canet,nicolasarosa@example.org
1426,Leire Mateo Rosa,calixta21@example.org
1427,Manuel Serrano España,franciscocarvajal@example.org
1428,Anselma Ferreras Chacón,iniestaleon@example.com
1429,Paulina Castell Armengol,bmartinez@example.com
1430,Félix Leocadio Palau Garay,elpidio89@example.org
1431,Prudencia Ligia Acevedo Chacón,lsomoza@example.com
1432,Miguel Ángel Luis Molins Perea,pulidopastora@example.com
1433,Pelayo Solé Ballester,dominga87@example.net
1434,Tecla del Uriarte,payuso@example.net
1435,Judith Torre Sanmartín,cristina75@example.net
1436,Cebrián Morán Oliva,carrenojafet@example.com
1437,Eduardo Baños Marqués,espadafito@example.net
1438,Ariadna Cordero-Lozano,ana-sofiaaparicio@example.net
1439,Jenaro Cuesta Diaz,fyuste@example.com
1440,Nando Cadenas Lastra,pvaquero@example.com
1441,Mario Campo Correa,sigfrido11@example.net
1442,Beatriz Viana Salvà,donatosacristan@example.net
1443,Domingo Hierro Lloret,ferrandizconsuelo@example.com
1444,Albina Diez Blanch,olimpiabaquero@example.org
1445,Manuelita Rivera Luna,martirosendo@example.com
1446,Amarilis de Higueras,oroura@example.org
1447,Francisca de Vilanova,arcelia19@example.org
1448,Roberta Guerrero Herrera,minguezeduardo@example.com
1449,Ema Costa-Chico,alejoplaza@example.com
1450,Ester Palomar Frutos,maura03@example.net
1451,Guiomar Gargallo Carbó,lrocha@example.com
1452,Agapito Riba,lordonez@example.com
1453,Lino del Cánovas,fabiolahierro@example.com
1454,Ceferino Fonseca Abad,zescudero@example.org
1455,Horacio Sans Giner,callejaamelia@example.net
1456,Agapito Jara Pedraza,pinedoatilio@example.net
1457,Cleto Albero Mayol,herrerajuanita@example.org
1458,Jacinta Pacheco Cuéllar,htovar@example.com
1459,Jafet Vega Yáñez,nebotrosalia@example.org
1460,Nilo Rosales Montaña,eliseo76@example.org
1461,Antonia Iriarte Gisbert,gaspar69@example.com
1462,Cayetano Medina Mena,vicentafeliu@example.com
1463,Marcelo Neira Villegas,famor@example.org
1464,Pastora Cano Llamas,ratienza@example.com
1465,Apolinar Borrell Salmerón,elena60@example.net
1466,Fortunata Enríquez,herminioescobar@example.org
1467,Benita Ángel Báez,constanza25@example.net
1468,Angélica Espejo Torrent,dimas58@example.net
1469,Edelmiro del Mínguez,riveramaria-del-carmen@example.net
1470,Juanito Esparza Lerma,ddonoso@example.net
1471,Nidia Lopez Arana,adominguez@example.org
1472,Kike Juliá-Gomez,pineiromaximo@example.org
1473,Fátima Alarcón-Gutierrez,ariaspascuala@example.com
1474,Joel Puente Galán,loreto29@example.net
1475,Patricio Lluch Alberto,domingamiro@example.com
1476,Anastasia Revilla Agustí,violetasegovia@example.com
1477,Elisabet Gallego Ferrer,ramonacasas@example.net
1478,Ainara Fiol Cabanillas,felicia54@example.com
1479,Amando Bejarano-Burgos,cristianruano@example.net
1480,Gastón Sarabia Manzanares,jose-angelrossello@example.com
1481,Rodolfo Seco-Oliver,juan-antonioiniguez@example.org
1482,Ainoa Llano Vallejo,nieves83@example.org
1483,Adán Gutierrez Seguí,ulorenzo@example.com
1484,Dorita Porta Expósito,peinadotecla@example.com
1485,Coral Rivero,borregomatias@example.net
1486,León Solera-Pedraza,granadospaloma@example.org
1487,Edelmira Valenciano-Rosselló,mateoedu@example.org
1488,Mateo Ribes Alba,soriaangel@example.net
1489,Fátima de Losada,garcesjose-manuel@example.com
1490,Nazaret Cruz Porta Alegria,guiomar93@example.net
1491,Arsenio Escalona Agustín,minguezflora@example.net
1492,Leandro Cañas Becerra,yjuarez@example.com
1493,Balduino Franco,moreno11@example.org
1494,Fanny Sevillano Solsona,nespana@example.net
1495,Elisabet Verdugo-Carrillo,cuellaranna@example.net
1496,Ildefonso Pulido Noriega,cruzcastaneda@example.com
1497,Macarena Elena Aroca Baena,candrade@example.net
1498,Victor Reyes-Comas,lluchsalud@example.net
1499,Cebrián Casanova,ubaez@example.net
1500,Régulo Feliu Zaragoza,eescamilla@example.org
1501,Fernando Garcia Corominas,zbernad@example.org
1502,Ernesto Cámara Chaves,pmorillo@example.org
1503,Ciro Hernando-Briones,oliverjose-maria@example.net
1504,Samuel de Elorza,vcases@example.com
1505,Elías Efraín Arranz Rubio,bquiroga@example.net
1506,Ana Belén Rubio Vizcaíno,gargallolucia@example.net
1507,Fanny Espinosa Franch,casaltono@example.net
1508,Lina Lamas Domínguez,cesar04@example.org
1509,Fidel Luna Alfaro,alcazarmauricio@example.net
1510,Eufemia Llanos Llamas,montserrat55@example.com
1511,Jacobo Benito Mesa Portero,fmoran@example.com
1512,Gastón Tejedor Peral,fgalan@example.org
1513,Leocadio de Donaire,bsacristan@example.com
1514,Alejo Piña Álvaro,tamayoiker@example.net
1515,Jose Carlos Santiago Ramos,rosalvavilla@example.org
1516,Rosalina Rozas Garcia,amorosleonel@example.net
1517,Manuelita Esteve Bayo,montenegroana@example.org
1518,Odalis Montalbán Ribes,iaranda@example.net
1519,Aureliano Arce Matas,julio35@example.org
1520,Ángela Quevedo Ferreras,storres@example.net
1521,Adelaida Conde Redondo,manzanojose-miguel@example.org
1522,Federico Frutos Alvarado,rocionebot@example.net
1523,Aura del Cadenas,ograu@example.com
1524,Imelda Quero Avilés,amarilis35@example.com
1525,Albino Moles Prado,che53@example.org
1526,Brunilda de Aznar,aroda@example.com
1527,Zaira Castells Ródenas,dora25@example.org
1528,Anna Díaz Pujadas,baltasar96@example.net
1529,Marisa Bonilla-Plana,ycrespo@example.net
1530,Julián Efraín Leal Seco,santoscastello@example.org
1531,Rómulo de Gomez,augustobadia@example.net
1532,Pablo Anaya Avilés,taboadaduilio@example.net
1533,Anastasia Arribas,aaronarino@example.net
1534,Salomón Anaya Quevedo,mohamed18@example.net
1535,Venceslás Pujol Montesinos,samuel54@example.com
1536,Saturnina Reyes Infante,jhervia@example.net
1537,Guadalupe de Correa,annatena@example.org
1538,Agustín del Benitez,almudenarojas@example.org
1539,Carmela Anaya,pilarhierro@example.net
1540,Magdalena Tania Milla Galiano,natanael93@example.net
1541,Toribio Saturnino Quintana Gracia,paola10@example.org
1542,Nicolasa Galván Salvà,alex45@example.net
1543,Sandra Loida Nevado Alegre,tmunoz@example.com
1544,Amaro Rivera Ferrándiz,lisandrovallejo@example.com
1545,Rafaela Barceló Galan,samu13@example.net
1546,Geraldo del Valenciano,eulalia51@example.org
1547,Guillermo Abella Juliá,pchacon@example.net
1548,Paula de Agullo,silviopinilla@example.net
1549,Evaristo Donato Miró Cuervo,florinagomez@example.net
1550,Aurora del Millán,murmorena@example.com
1551,Clara Marita Blasco Sureda,expositoyago@example.org
1552,Cándido Santiago,camilaalegria@example.net
1553,Simón Sandoval Gonzalez,orivas@example.net
1554,Pepe Ureña Matas,romulo82@example.org
1555,Fabricio Ayuso Berenguer,renata61@example.org
1556,Victorino de Sotelo,godoypancho@example.org
1557,Lorenzo Ramis-Salvador,almazanestefania@example.org
1558,Victor Manuel Landa-Posada,eleuteriotamarit@example.net
1559,Marcela Mora Garay,ernestomari@example.net
1560,Marisol Porcel Salom,mendizabalpilar@example.org
1561,Berta Rosado Juliá,narcisa53@example.net
1562,Jacinto del Almeida,carmelita71@example.org
1563,Juan Manuel Sala,pibaudelio@example.com
1564,Juan Cabeza Mata,vergaragabino@example.com
1565,Pastora Andreu Landa,bernalregulo@example.org
1566,Perla Cortes Aguiló,vivescleto@example.org
1567,Paco Jódar Puerta,humbertorico@example.com
1568,Vasco Patiño Blanes,leonelzabaleta@example.com
1569,Gustavo Cabezas,omascaro@example.org
1570,Rafa Roman,harohortensia@example.com
1571,Filomena Llamas Casado,mcatalan@example.com
1572,Merche Macaria Conde Pulido,calistoduque@example.org
1573,Enrique Sabater-Balaguer,ale42@example.org
1574,Evangelina Lumbreras Alcalde,maxipuig@example.org
1575,Adelia Rosado Ariño,anitaprieto@example.org
1576,Graciano Manjón Caro,leire23@example.org
1577,Visitación Melisa Iglesias Pino,apolinar19@example.com
1578,Marcia Collado,oliveani@example.net
1579,Águeda Linares Tomé,isidoro99@example.net
1580,Marita del Álvarez,brunilda29@example.net
1581,Jose Cabrera Gutierrez,eutimioaranda@example.net
1582,Abilio de Sans,oliveeloisa@example.com
1583,Olalla Espejo Rivera,encarnita34@example.org
1584,Domingo Vicens-Redondo,maria-angeles38@example.org
1585,Rodolfo Amigó Méndez,reyescamilo@example.org
1586,Alondra Borrego Vicens,borja27@example.com
1587,Rocío Ballesteros,itziarcastillo@example.com
1588,Álvaro Campillo-Naranjo,noriegaezequiel@example.net
1589,Emilia Vilalta-Mur,pduran@example.com
1590,Hernando Valverde Salgado,gabrielvina@example.net
1591,Félix Águila Alba,plago@example.net
1592,Samuel de Tormo,borrellinmaculada@example.com
1593,Margarita Noriega,feijoocesar@example.com
1594,Lázaro Fuentes Cervantes,nazaretperal@example.net
1595,Anselma Leticia Cisneros Villa,adela60@example.com
1596,Paulina Ballesteros Arana,haroldopinol@example.com
1597,Diego Rodrigo,marcela56@example.org
1598,Adelardo Rosell-Carretero,marciasalamanca@example.com
1599,Verónica Aguiló,blanesjacinta@example.org
1600,Conrado Santiago Díez Soria,emaabascal@example.com
1601,Roberto Arsenio Manso Herrero,basjose-manuel@example.org
1602,Nilo Planas Ramos,juan-franciscoescribano@example.com
1603,Macarena Ricart Alberdi,scarretero@example.net
1604,Tatiana Soledad Reguera Peña,rfarre@example.com
1605,Narciso Arnal Piña,bonifaciofalcon@example.net
1606,Paola Suarez Esteban,wcobo@example.net
1607,Elisabet del Arco,pastora10@example.org
1608,Eufemia Armas Oliver,sainzcelestina@example.org
1609,Valero Solera Miranda,dasensio@example.com
1610,Leopoldo Nogueira,fabianaferrer@example.net
1611,Tadeo Avilés Bilbao,marinoferrero@example.org
1612,Florentina Aragón Sanz,arellanomaximiliano@example.com
1613,Remedios Susana Campo Carrasco,puenteciro@example.com
1614,Agapito Osuna Fiol,esureda@example.org
1615,Elías Peláez Gelabert,nilo53@example.net
1616,Alexandra Camino-Mayo,yesica55@example.com
1617,Maximiano Sierra Fernández,iportero@example.net
1618,Gerónimo Fidel Puga Cano,zalvaro@example.org
1619,Nadia de Requena,victoria77@example.com
1620,Jesusa Robledo-Castillo,carvajalsalud@example.com
1621,Dora de Benavides,simoirma@example.net
1622,Amalia Villegas,azorinmarcial@example.com
1623,Virginia Rivero Conde,gibertabigail@example.net
1624,Roberta Padilla Vilar,cadenasdorotea@example.net
1625,Sonia Fábregas,alfonsobalaguer@example.net
1626,Xavier Cristian Caparrós Manzanares,amatloida@example.org
1627,Rosendo Belda Morata,cazorlabartolome@example.net
1628,Oriana de Orozco,perlacuenca@example.net
1629,Paz del Coronado,isidoro35@example.org
1630,Ramiro Piñeiro Bilbao,herediadiana@example.com
1631,Pío Duque,isidro11@example.org
1632,Pastor Amat Salazar,chitatejera@example.com
1633,Prudencia López Cortes,alvarezmaristela@example.net
1634,Édgar Lamas Prada,pepeescriva@example.net
1635,Alfredo Giménez Maza,emateos@example.com
1636,Nélida Figueras Gascón,candida31@example.org
1637,Benigna Cal Morante,marcodavila@example.net
1638,Celestina Montero Dávila,francisco55@example.net
1639,Máxima Seguí Amat,bellodelia@example.org
1640,María Pilar del Lasa,gomezsoledad@example.net
1641,Emma Menéndez Bou,gcortina@example.net
1642,Pilar Flor Prado,bonillamaria-manuela@example.com
1643,Adelaida Carina Carrión Galvez,dieznereida@example.org
1644,Itziar Mena,dariopedraza@example.net
1645,Yago Martín Puente,vbas@example.com
1646,Morena Ordóñez Marqués,martaayllon@example.net
1647,Ricardo Arribas Carbonell,victor-manuel35@example.com
1648,Arturo Avilés Cabo,salinasimelda@example.org
1649,Luis Miguel Zabala,mcomas@example.net
1650,Mamen Castañeda-Soriano,dorotea69@example.com
1651,Casemiro Benavent Mendez,omacias@example.net
1652,Julia Guillén Espinosa,saritabayon@example.com
1653,Jose Carlos Sandoval Galván,vaquerocamilo@example.net
1654,Angelino Palma Santiago,ecabrera@example.com
1655,Máxima Alvarado Carrión,azenethbermejo@example.org
1656,Aristides Abellán Falcón,barriomayte@example.org
1657,Amalia Plaza Carreras,edelmiro20@example.com
1658,Francisco Melchor Palomino Rivas,mbadia@example.net
1659,Raúl del Menendez,antonio88@example.org
1660,Felipa Iglesias Quirós,sabasarregui@example.org
1661,Griselda Pedrosa-Portillo,martiflorentina@example.com
1662,Cecilio del Ródenas,xcuesta@example.com
1663,Samuel Pol Garmendia,graciana39@example.com
1664,Visitación Manzanares Pons,valentinaserna@example.com
1665,Filomena Montes,ainaragarzon@example.net
1666,León Corbacho Tomé,sandragimeno@example.net
1667,Maricela Cerezo Padilla,fcordoba@example.net
1668,Omar Alonso-Sanmiguel,klarrea@example.com
1669,Nico Bayón Godoy,eugeniograu@example.com
1670,Valentín Echeverría Naranjo,juliotorrent@example.net
1671,Pascual Linares,chusvazquez@example.org
1672,Marisa Ferrando-Mayo,jeronimoverdejo@example.net
1673,Adelina Jara Tamarit,gjuarez@example.org
1674,Mercedes Pareja Godoy,angelinocarranza@example.com
1675,Verónica Montalbán Guillén,oliviamercader@example.net
1676,Loreto Acosta Pulido,eloisaconesa@example.com
1677,Chus Real-Figuerola,nicopeiro@example.net
1678,Consuela Ferrán Gimeno,rhoyos@example.net
1679,Julio Ricart Marcos,cristian41@example.net
1680,Candela Tejada Arias,genoveva61@example.net
1681,Gilberto Cabanillas,lazaro20@example.net
1682,Amor Botella Rubio,edmundo56@example.com
1683,Juan Luis Benitez Landa,francisco31@example.org
1684,Marcio Mendoza,sabina92@example.com
1685,Alex Agullo Quero,magdalena75@example.org
1686,Julieta Anselma Vázquez Guzmán,gala51@example.net
1687,Atilio Carrasco Fuentes,ramirezcrescencia@example.com
1688,Remedios Amaya Cuesta Gimeno,gastoncalleja@example.org
1689,Inocencio Ribas-Arenas,quirino18@example.net
1690,Juana Baeza Nogués,millanoctavia@example.com
1691,Aurora Molina Berenguer,guadalupe63@example.org
1692,Gilberto Plana Matas,pugaglauco@example.com
1693,Eli Codina-Marí,izamorano@example.com
1694,Macario de Girón,acunajenaro@example.net
1695,Flor Paula Patiño Pizarro,garrigajaime@example.net
1696,Jose Ramón Mendizábal Francisco,severianomoliner@example.org
1697,Ámbar Llopis-Collado,segarraobdulia@example.net
1698,Toño Leal Iniesta,america68@example.net
1699,Dan Arana Camacho,dalila60@example.com
1700,Albert González-Vilanova,mescobar@example.com
1701,Baudelio Martín Haro,rduarte@example.org
1702,Clementina Zabala-Alegria,luquemaxi@example.net
1703,Joaquín Calzada Recio,marcialbarcelo@example.net
1704,Paulino Losa Heras,apereira@example.com
1705,Sandalio Guillen Carmona,casaresmatias@example.org
1706,Eligia Plaza Ferrández,cristobalgallardo@example.org
1707,Asdrubal del Serra,jovita11@example.org
1708,Almudena de Bayón,ujurado@example.org
1709,Clementina Sevillano,jimena50@example.org
1710,Joaquina de Calleja,marcioarranz@example.net
1711,Florentina Ferrera Terrón,alonsoporras@example.com
1712,Jose Ignacio Edmundo Mayo Cobos,benavidesmiriam@example.org
1713,Úrsula Ródenas Dávila,pancho65@example.net
1714,Fabiola Jove Ibarra,chaparroliliana@example.org
1715,Concepción Izquierdo Dueñas,sansbernabe@example.org
1716,Olegario Arcos Rubio,carmelaballesteros@example.com
1717,Lázaro Donoso Vendrell,adrianaibarra@example.com
1718,Eulalia Guzmán Bolaños,mascarodulce@example.net
1719,Catalina Tomás Alvarez,basilio55@example.net
1720,Arsenio Jordá Arrieta,uadadia@example.com
1721,Tere del Marqués,carreravictorino@example.net
1722,Eloy Arribas-Olmedo,candidosantamaria@example.net
1723,Silvia Barranco Porcel,sancho21@example.com
1724,Mateo de Llorente,acordero@example.net
1725,Bernarda Vaquero-Pol,feliciano94@example.net
1726,Régulo Huguet Infante,molinersosimo@example.com
1727,Sergio Santamaria-Nevado,ferranpastora@example.com
1728,Dorita Hernandez Ferrando,lopepascual@example.net
1729,Jennifer Infante Fuente,bvives@example.net
1730,Severo Barriga Morán,tiborra@example.com
1731,Teodosio Barrera Ojeda,juanito55@example.com
1732,Eusebia Reyes Jove,caroemelina@example.org
1733,Jenaro Leonel Carmona Vallés,augusto08@example.net
1734,Gervasio Barreda Torres,adalberto42@example.org
1735,Jose Luis Sevilla,yroura@example.org
1736,Rosa María Armengol Márquez,quirosrafa@example.com
1737,Dafne Álvaro Águila,miguela92@example.net
1738,Heraclio Alvarado Villalonga,begonacarballo@example.net
1739,Blas Baquero Saura,larrearuth@example.org
1740,Joel del Linares,bnogueira@example.com
1741,Pastor Barrena-Dominguez,lgibert@example.net
1742,Chita Nuñez Echeverría,narcisa92@example.com
1743,Agustín de Mora,felisa80@example.com
1744,Matilde Esteban Correa,andresurbano@example.com
1745,Roberto Luz Casals,gecheverria@example.com
1746,Encarnita Llamas Vicente,nbelda@example.net
1747,Elodia Villanueva-Herranz,antunezjose-angel@example.com
1748,María Cristina Lluch Sánchez,nereida11@example.org
1749,Amancio Guardiola-Madrid,judith96@example.com
1750,Pepito Carbajo Nogués,heliodorohuerta@example.net
1751,Eloy León-Salcedo,rubencasanovas@example.com
1752,Alfredo Blazquez Ramón,hermenegildojover@example.net
1753,Fidel Cueto Estevez,kjaume@example.org
1754,Tomasa Tirado Esteve,camposeusebia@example.com
1755,Gracia Carrera Aparicio,baudelio87@example.com
1756,Cosme Tudela Hervás,leire88@example.org
1757,Casandra Ribas-Esteban,pelaezemilia@example.org
1758,Carmela de Ferrero,cayetano58@example.org
1759,Perla Palau Cañas,tchamorro@example.com
1760,Angelina Ribas Portero,carolina33@example.net
1761,Luisa Zaida Roig Marqués,campsraquel@example.com
1762,Che Samper Aranda,eufemiaordonez@example.net
1763,Manolo Custodio Benavent Baeza,isabelacarballo@example.net
1764,Yésica Lola Pinto Figuerola,beldabasilio@example.com
1765,Silvestre Sierra Estevez,jose-ramon35@example.net
1766,Eutropio Pintor,fpaniagua@example.com
1767,Anastasia Villaverde Roldán,xmenendez@example.net
1768,Cloe Gimenez,casandrasaez@example.com
1769,Carlito Cañizares Rodríguez,ramon95@example.com
1770,Morena Puig-Quintero,roxana34@example.net
1771,Imelda del Doménech,olimpiafiol@example.com
1772,Ale Echevarría Losada,ildefonso48@example.com
1773,Máximo Montserrat-Fajardo,tomasledesma@example.net
1774,Delfina Ibarra Campos,albacarmela@example.net
1775,Malena Chus Morera Portero,ygomez@example.net
1776,Eutimio Soriano,fcosta@example.org
1777,Sol Bermudez Iniesta,amarti@example.com
1778,Bernardo Fabio Oliver Orozco,emmavillaverde@example.net
1779,Urbano Jiménez Rubio,cojeda@example.com
1780,Tomasa Falcón Hoyos,malena34@example.com
1781,Damián Varela-Mendizábal,yballester@example.org
1782,Teodoro Cifuentes Pino,corominasjose-angel@example.net
1783,Toño Bauzà Garrido,cleto52@example.net
1784,Eusebia Marti Alcázar,bvara@example.org
1785,Rosaura Pinedo,lucasfortunata@example.com
1786,Carmen Villalba Francisco,eva64@example.com
1787,Leandra Carina Herrera Almazán,emmabas@example.net
1788,Félix Expósito Donoso,cadenasleocadia@example.com
1789,Rosendo Reyes Goicoechea,icarrasco@example.org
1790,Cecilia Rodriguez Francisco,cirinozaragoza@example.org
1791,Angelita Calderon Catalá,jordi28@example.com
1792,Jesusa Sacristán Palma,peinadoruben@example.org
1793,Visitación Boix Catalá,casandraalamo@example.net
1794,Juan Escudero Querol,julieverdugo@example.com
1795,Cloe Inés Donoso Arnal,roldanalberola@example.org
1796,María Fernanda Solé-Chacón,manolafalco@example.net
1797,José Antonio Diez,antonia50@example.org
1798,Galo Páez Múgica,vesparza@example.com
1799,Miguela Peláez Pelayo,ariasconstanza@example.com
1800,Alexandra Eufemia Terrón Olmedo,eutimio85@example.net
1801,Teodosio Campillo Valentín,esalas@example.com
1802,Elisabet Camps Villena,ruy01@example.com
1803,Daniela Fortuny Haro,bertoblazquez@example.org
1804,Dimas de Cortés,scorbacho@example.org
1805,Dominga Cózar-Samper,perezpaloma@example.net
1806,Gabriela Guzman Bas,nmir@example.net
1807,Severiano Céspedes Cornejo,emperatriz09@example.org
1808,Dora Jordá,murotomas@example.com
1809,Florentina Montero Sevillano,lorenza40@example.net
1810,Victor Arrieta Batlle,porfirio84@example.com
1811,Nicolasa Ramírez Bermudez,srico@example.org
1812,Amor Álamo Guerra,adelardo66@example.org
1813,Azeneth Pons Pozuelo,belenmarin@example.com
1814,Martin Hoz Castellanos,ramonmaria-fernanda@example.com
1815,Gala de Matas,pablolluch@example.net
1816,Elba Leon Román,hipolitosebastian@example.org
1817,Emilio del Abril,alberolaaraceli@example.net
1818,Teodora Madrid Pintor,fernanda31@example.com
1819,Gracia Gomez Anguita,dafnecastaneda@example.com
1820,Onofre Llopis Barco,rogeliorocha@example.net
1821,Gerónimo Barroso Cañizares,maximinomata@example.com
1822,Nicolasa Planas Palacio,inesbernat@example.com
1823,Angelina Iniesta,valerocatalina@example.org
1824,Olegario Sevilla Alcaraz,grandericarda@example.org
1825,Celia Aroca Solsona,javi93@example.org
1826,Salomón Viñas,iriera@example.com
1827,Nerea Baeza Ribas,felipa91@example.com
1828,Valentín Iborra Galvez,pdomenech@example.org
1829,Pepe Maxi Prats Salgado,andrea22@example.com
1830,Mireia García Río,fabiolazabala@example.org
1831,Paulina de Giner,manzanojose-manuel@example.net
1832,Dorita Romero Palacio,ciro49@example.com
1833,Vilma de Toro,tviana@example.org
1834,Abigaíl Zabala-Cantón,lourdes37@example.org
1835,Amado Abraham Bastida Cárdenas,armando32@example.com
1836,Severo Victor Villegas Camino,telmo97@example.com
1837,Enrique Amorós Rivas,quirinocastaneda@example.com
1838,Juan Luis Marin Gutierrez,vidalalberto@example.net
1839,Rafa Bertrán Jover,zamoranofermin@example.com
1840,Lucho Salvà Montaña,eva65@example.net
1841,Valerio Aguilar Garcés,wcastellanos@example.org
1842,Isa Santos Bonilla,manuel97@example.net
1843,Jenny Nebot-Fabra,loretodiego@example.org
1844,Gracia Casares Luján,velascoafrica@example.com
1845,Juan Heras Ríos,perellogonzalo@example.org
1846,Pastor Roselló Gomez,redondoantonia@example.com
1847,Marisa Ana Nogués Zaragoza,inigo32@example.net
1848,Adán Arnau Arribas,ferrandizreyes@example.org
1849,Azeneth Álamo-Hidalgo,velezamor@example.com
1850,Aarón Bas,jserra@example.com
1851,Jose Díez-Luján,hernando39@example.com
1852,Débora Paniagua Espada,yberenguer@example.org
1853,Natalio Goñi Morante,chelo16@example.org
1854,Estela Gallo Cánovas,bertacazorla@example.net
1855,Cecilia de Priego,xlledo@example.net
1856,Xavier Torres Bolaños,paredesgoyo@example.org
1857,Juanito Aroca Quintana,iglesiafebe@example.net
1858,Paco Larrea Sola,ursula94@example.org
1859,María Del Carmen Valenzuela-Mas,ctorrijos@example.org
1860,Leoncio de Novoa,imeldamesa@example.org
1861,Marcio Jose Ignacio Santos Leon,salome18@example.com
1862,Priscila Tirado Tur,pizarroainara@example.com
1863,Ale Cazorla Palacios,aranzazugracia@example.com
1864,Domitila Ordóñez Torrens,arcelia29@example.com
1865,Jose Carlos del Vendrell,machadolorenzo@example.org
1866,Tito del Mateo,teobaldo91@example.org
1867,Paola Bustos Rivera,izquierdovinicio@example.com
1868,Felix Miralles Carvajal,alma89@example.org
1869,Rafa Perelló-Borrell,marcos08@example.com
1870,Marcio Lopez-Mancebo,mar38@example.com
1871,Bernardita Pulido Hurtado,ciprianocaparros@example.org
1872,Ágata Hidalgo Agudo,lucaspujol@example.org
1873,Adora de Llorente,amalia53@example.com
1874,Ambrosio Coello-Aramburu,fanny65@example.org
1875,Encarnación Vigil,natalio21@example.org
1876,Paulino Roselló Cardona,xjuarez@example.com
1877,Amada Cuesta Exposito,artemiobuendia@example.com
1878,Osvaldo Quirós-Vazquez,mfalcon@example.net
1879,Eufemia Bueno Cortés,calixtomarino@example.com
1880,Felicia Pombo Fuente,alarconleoncio@example.net
1881,Rómulo Loreto Salamanca Sanabria,bbatlle@example.org
1882,Andrés Llorens Estévez,yesica82@example.com
1883,Susanita Colom Bonet,farregilberto@example.org
1884,Amor Tejera Borrego,amorespaz@example.net
1885,Pánfilo Palau Rivera,rodriguezroxana@example.org
1886,Alejo Solís-Moya,felipaquiroga@example.com
1887,Ana Chaparro Vall,restevez@example.net
1888,Lara Cabello Royo,kcaceres@example.org
1889,Rosenda Domitila Solano Benítez,anna42@example.net
1890,Bartolomé Riba,amorosrufino@example.com
1891,Ana Buendía Blázquez,teodorobolanos@example.com
1892,Ileana Mulet,jennifer12@example.net
1893,Vasco Conesa Ródenas,rosario77@example.org
1894,Jeremías Barón,baltasararino@example.org
1895,Bernabé Alonso Llabrés,felicianobatlle@example.org
1896,Fermín de Cruz,zenriquez@example.com
1897,Iris Mayoral,santiago67@example.net
1898,Nuria Morata Río,loliva@example.net
1899,Virgilio Sastre Fernandez,leticiabru@example.com
1900,Azahara Corral Fernández,jose22@example.net
1901,Nuria Aguiló Arias,gfuster@example.net
1902,Jose Ignacio Vilar Roselló,mariselanaranjo@example.net
1903,Toribio Bartolomé,somozamatias@example.org
1904,Julieta Castell-Calderon,expositotania@example.org
1905,Viviana Sedano Barba,tejedorcayetano@example.net
1906,Wálter del Tejero,ollorens@example.org
1907,Ezequiel Alberola,cortesdionisio@example.net
1908,León de Alcolea,ugalindo@example.net
1909,Elisabet Villena Cabeza,ismaelmachado@example.com
1910,Román Valencia,varaalfonso@example.org
1911,Merche Mas Villena,lloretpetrona@example.net
1912,Fernando Sanabria-Mariño,correasimon@example.net
1913,Adelia Angelita Olivares Bravo,mario29@example.com
1914,Estela Castejón-Calatayud,vivescandelario@example.com
1915,Marisol Arnal Casas,dario31@example.net
1916,Evita Cózar Santamaría,plinio61@example.com
1917,Porfirio Vélez Aroca,cuencajorge@example.net
1918,Anabel Gimenez-Vera,villenaalonso@example.org
1919,Paca Castells-Llanos,aparedes@example.net
1920,María Fernanda Ferrán Benito,velascoanacleto@example.com
1921,Chita Vives Zaragoza,buendiadelfina@example.net
1922,María Del Carmen Trinidad Leon Guzmán,eduguardiola@example.org
1923,Adolfo Plana Carro,faustomesa@example.org
1924,Jordi Zacarías Blanca Barriga,ylopez@example.com
1925,Nidia Iriarte-Anguita,ingridpablo@example.net
1926,Cruz Oliveras Silva,lpuente@example.org
1927,Toni Almagro Salazar,chebru@example.org
1928,Ramona Romeu Maestre,salud69@example.net
1929,Anabel Candela Montesinos Salas,wlopez@example.com
1930,Miguela de Fuertes,paloma88@example.com
1931,Vicenta Modesta Jove Cantero,noa28@example.net
1932,Feliciano Ureña-Niño,imurillo@example.org
1933,Nieves Abascal Prats,mataslalo@example.net
1934,Renato Cantero Cadenas,jose-antoniorosales@example.net
1935,Javi Alvarado Gisbert,agustinabernat@example.com
1936,Ani Naranjo Lucas,pdonaire@example.com
1937,Eulalia Vallés Pedro,calista62@example.net
1938,Emilio Cañellas,jose-manuel94@example.org
1939,Yésica Leiva-Barros,sergiobarrio@example.org
1940,Zoraida Alondra Blanch Salvà,jorge06@example.com
1941,Teo del Cifuentes,emunoz@example.com
1942,Moisés Reinaldo Camino Calderon,salcedovera@example.net
1943,Encarnación Font Priego,tamara43@example.net
1944,Leticia Eliana Alsina Dominguez,luciano30@example.com
1945,Concepción Losa Barón,xvilaplana@example.org
1946,Primitivo Álvaro-Pascual,cerverasaturnina@example.com
1947,Nazaret Gaya Saez,zbolanos@example.org
1948,Rosalinda Tomé Reyes,cgarces@example.net
1949,Pelayo Giner Aznar,teresita80@example.com
1950,Ángeles Pedrosa,carrascomartin@example.net
1951,Rosenda Urrutia Duarte,candela53@example.net
1952,Bienvenida Castilla Vázquez,aureliamiro@example.org
1953,Rebeca del Peralta,rocio01@example.com
1954,María Cristina Marí,galanolimpia@example.net
1955,Trinidad Vélez Abella,carroclaudia@example.com
1956,Estrella de Vila,lasaismael@example.net
1957,Isabela Guitart,natanael43@example.com
1958,Manu Neira Frías,moraledaangelita@example.org
1959,Roberta Evelia Bru Aliaga,bienvenida25@example.org
1960,Laura Feliu Badía,gertrudis54@example.com
1961,Benjamín Manrique-Riquelme,victorino81@example.net
1962,Pedro Dalmau Carrera,aanaya@example.net
1963,Lola Lledó Reyes,caparrossofia@example.com
1964,Gracia Peralta Borrell,toni70@example.net
1965,Gerónimo Reina Taboada,mespada@example.org
1966,Gil Sala,rlago@example.com
1967,Clementina Gárate,hcarbo@example.com
1968,Federico Elorza-Piquer,leonamerica@example.org
1969,Felicia Alba Fajardo Pallarès,estefaniagracia@example.org
1970,Florencio Solano-Dueñas,gallartmiguel@example.net
1971,Josefina Prada Pons,cobosmalena@example.com
1972,Zoraida Diéguez,rdonoso@example.org
1973,Manuel Salinas Barros,renesoria@example.com
1974,Calisto Gual,kfernandez@example.net
1975,Demetrio Acevedo Pedraza,juan-antonio08@example.net
1976,Jose Manuel Dueñas Arellano,auroragonzalez@example.org
1977,Carina Cuéllar Aramburu,palfonso@example.net
1978,Dionisio Cañellas,carbajonatalia@example.org
1979,Marisol Pelayo Rosa,iiglesia@example.org
1980,Benita Mulet Baeza,eheras@example.net
1981,Ildefonso Lluch Seco,adan95@example.net
1982,Lupe de Carlos,augusto26@example.org
1983,Eloy de Ibáñez,nico92@example.net
1984,Susana Artigas Chacón,grauvidal@example.net
1985,Azahara Menendez Lopez,iglesiasmarisol@example.org
1986,Jenaro Capdevila,pastoracastro@example.net
1987,Ale Balaguer Castells,sgranados@example.com
1988,Paz del Puig,luciomorcillo@example.net
1989,Fabricio de Jaume,odalys26@example.org
1990,Inmaculada Ferrándiz Tomé,rogelio69@example.com
1991,Heliodoro Alfaro Ariño,acuenca@example.com
1992,Elpidio Bustos Monreal,ligiafuster@example.org
1993,Juan Manuel Ramirez-Roig,xbeltran@example.org
1994,Macaria Rico-Román,rcarpio@example.net
1995,Macario Luís-Landa,hnevado@example.net
1996,Javiera Salamanca Hurtado,ayusoroldan@example.com
1997,Herberto Calatayud Montoya,martinarcos@example.org
1998,Venceslás del Rosselló,vmur@example.org
1999,Natalio Trillo-Lasa,somozadiego@example.net
2000,Teo Vega Jara,sabina92@example.net
